{
 "cells": [
  {
   "cell_type": "code",
   "execution_count": 1,
   "metadata": {},
   "outputs": [],
   "source": [
    "import pandas as pd\n",
    "import plotly.express as px\n",
    "\n",
    "pd.set_option('display.max_columns', None)"
   ]
  },
  {
   "cell_type": "code",
   "execution_count": 2,
   "metadata": {},
   "outputs": [
    {
     "data": {
      "text/html": [
       "<div>\n",
       "<style scoped>\n",
       "    .dataframe tbody tr th:only-of-type {\n",
       "        vertical-align: middle;\n",
       "    }\n",
       "\n",
       "    .dataframe tbody tr th {\n",
       "        vertical-align: top;\n",
       "    }\n",
       "\n",
       "    .dataframe thead th {\n",
       "        text-align: right;\n",
       "    }\n",
       "</style>\n",
       "<table border=\"1\" class=\"dataframe\">\n",
       "  <thead>\n",
       "    <tr style=\"text-align: right;\">\n",
       "      <th></th>\n",
       "      <th>AAPL</th>\n",
       "      <th>AMZN</th>\n",
       "      <th>BRK-A</th>\n",
       "      <th>BTC-USD</th>\n",
       "      <th>BYDDF</th>\n",
       "      <th>CL=F</th>\n",
       "      <th>COIN</th>\n",
       "      <th>CSPX.AS</th>\n",
       "      <th>ETH-USD</th>\n",
       "      <th>GC=F</th>\n",
       "      <th>GOOGL</th>\n",
       "      <th>IQQH.F</th>\n",
       "      <th>IT</th>\n",
       "      <th>META</th>\n",
       "      <th>MSFT</th>\n",
       "      <th>MSTR</th>\n",
       "      <th>NVDA</th>\n",
       "      <th>PYPL</th>\n",
       "      <th>SI=F</th>\n",
       "      <th>SOL-USD</th>\n",
       "      <th>TSLA</th>\n",
       "      <th>UA</th>\n",
       "      <th>VAPU.SW</th>\n",
       "    </tr>\n",
       "    <tr>\n",
       "      <th>Date</th>\n",
       "      <th></th>\n",
       "      <th></th>\n",
       "      <th></th>\n",
       "      <th></th>\n",
       "      <th></th>\n",
       "      <th></th>\n",
       "      <th></th>\n",
       "      <th></th>\n",
       "      <th></th>\n",
       "      <th></th>\n",
       "      <th></th>\n",
       "      <th></th>\n",
       "      <th></th>\n",
       "      <th></th>\n",
       "      <th></th>\n",
       "      <th></th>\n",
       "      <th></th>\n",
       "      <th></th>\n",
       "      <th></th>\n",
       "      <th></th>\n",
       "      <th></th>\n",
       "      <th></th>\n",
       "      <th></th>\n",
       "    </tr>\n",
       "  </thead>\n",
       "  <tbody>\n",
       "    <tr>\n",
       "      <th>2021-01-05</th>\n",
       "      <td>0.012364</td>\n",
       "      <td>0.010004</td>\n",
       "      <td>-0.004963</td>\n",
       "      <td>0.063197</td>\n",
       "      <td>0.067736</td>\n",
       "      <td>0.048509</td>\n",
       "      <td>NaN</td>\n",
       "      <td>0.001695</td>\n",
       "      <td>0.057461</td>\n",
       "      <td>0.004114</td>\n",
       "      <td>0.008064</td>\n",
       "      <td>0.012309</td>\n",
       "      <td>0.010375</td>\n",
       "      <td>0.007548</td>\n",
       "      <td>0.000965</td>\n",
       "      <td>0.008019</td>\n",
       "      <td>0.022210</td>\n",
       "      <td>0.012892</td>\n",
       "      <td>0.010519</td>\n",
       "      <td>-0.131938</td>\n",
       "      <td>0.007317</td>\n",
       "      <td>0.025896</td>\n",
       "      <td>0.008708</td>\n",
       "    </tr>\n",
       "    <tr>\n",
       "      <th>2021-01-06</th>\n",
       "      <td>-0.033662</td>\n",
       "      <td>-0.024897</td>\n",
       "      <td>0.012782</td>\n",
       "      <td>0.083311</td>\n",
       "      <td>-0.028047</td>\n",
       "      <td>0.014020</td>\n",
       "      <td>NaN</td>\n",
       "      <td>0.016355</td>\n",
       "      <td>0.097369</td>\n",
       "      <td>-0.023455</td>\n",
       "      <td>-0.009868</td>\n",
       "      <td>0.094345</td>\n",
       "      <td>0.025546</td>\n",
       "      <td>-0.028269</td>\n",
       "      <td>-0.025929</td>\n",
       "      <td>0.121130</td>\n",
       "      <td>-0.058953</td>\n",
       "      <td>-0.034396</td>\n",
       "      <td>-0.021689</td>\n",
       "      <td>-0.105692</td>\n",
       "      <td>0.028390</td>\n",
       "      <td>0.003884</td>\n",
       "      <td>-0.007751</td>\n",
       "    </tr>\n",
       "    <tr>\n",
       "      <th>2021-01-07</th>\n",
       "      <td>0.034123</td>\n",
       "      <td>0.007577</td>\n",
       "      <td>0.011266</td>\n",
       "      <td>0.069157</td>\n",
       "      <td>0.065613</td>\n",
       "      <td>0.003950</td>\n",
       "      <td>NaN</td>\n",
       "      <td>0.008633</td>\n",
       "      <td>0.015380</td>\n",
       "      <td>0.002832</td>\n",
       "      <td>0.029869</td>\n",
       "      <td>0.077108</td>\n",
       "      <td>0.014714</td>\n",
       "      <td>0.020622</td>\n",
       "      <td>0.028457</td>\n",
       "      <td>0.114868</td>\n",
       "      <td>0.057830</td>\n",
       "      <td>0.036194</td>\n",
       "      <td>0.008416</td>\n",
       "      <td>0.229901</td>\n",
       "      <td>0.079447</td>\n",
       "      <td>0.005158</td>\n",
       "      <td>0.013517</td>\n",
       "    </tr>\n",
       "    <tr>\n",
       "      <th>2021-01-08</th>\n",
       "      <td>0.008631</td>\n",
       "      <td>0.006496</td>\n",
       "      <td>0.005570</td>\n",
       "      <td>0.036234</td>\n",
       "      <td>0.012250</td>\n",
       "      <td>0.027740</td>\n",
       "      <td>NaN</td>\n",
       "      <td>0.004667</td>\n",
       "      <td>-0.001208</td>\n",
       "      <td>-0.040893</td>\n",
       "      <td>0.013239</td>\n",
       "      <td>-0.033681</td>\n",
       "      <td>0.017449</td>\n",
       "      <td>-0.004354</td>\n",
       "      <td>0.006093</td>\n",
       "      <td>-0.007671</td>\n",
       "      <td>-0.005040</td>\n",
       "      <td>0.031569</td>\n",
       "      <td>-0.096250</td>\n",
       "      <td>0.357030</td>\n",
       "      <td>0.078403</td>\n",
       "      <td>-0.021809</td>\n",
       "      <td>0.025590</td>\n",
       "    </tr>\n",
       "    <tr>\n",
       "      <th>2021-01-11</th>\n",
       "      <td>-0.023249</td>\n",
       "      <td>-0.021519</td>\n",
       "      <td>-0.005650</td>\n",
       "      <td>-0.128217</td>\n",
       "      <td>0.030255</td>\n",
       "      <td>0.000191</td>\n",
       "      <td>NaN</td>\n",
       "      <td>0.006746</td>\n",
       "      <td>-0.109502</td>\n",
       "      <td>0.008451</td>\n",
       "      <td>-0.023106</td>\n",
       "      <td>-0.019807</td>\n",
       "      <td>-0.011354</td>\n",
       "      <td>-0.040102</td>\n",
       "      <td>-0.009699</td>\n",
       "      <td>-0.067997</td>\n",
       "      <td>0.025966</td>\n",
       "      <td>-0.020457</td>\n",
       "      <td>0.026727</td>\n",
       "      <td>-0.034721</td>\n",
       "      <td>-0.078214</td>\n",
       "      <td>0.017705</td>\n",
       "      <td>-0.010252</td>\n",
       "    </tr>\n",
       "  </tbody>\n",
       "</table>\n",
       "</div>"
      ],
      "text/plain": [
       "                AAPL      AMZN     BRK-A   BTC-USD     BYDDF      CL=F  COIN  \\\n",
       "Date                                                                           \n",
       "2021-01-05  0.012364  0.010004 -0.004963  0.063197  0.067736  0.048509   NaN   \n",
       "2021-01-06 -0.033662 -0.024897  0.012782  0.083311 -0.028047  0.014020   NaN   \n",
       "2021-01-07  0.034123  0.007577  0.011266  0.069157  0.065613  0.003950   NaN   \n",
       "2021-01-08  0.008631  0.006496  0.005570  0.036234  0.012250  0.027740   NaN   \n",
       "2021-01-11 -0.023249 -0.021519 -0.005650 -0.128217  0.030255  0.000191   NaN   \n",
       "\n",
       "             CSPX.AS   ETH-USD      GC=F     GOOGL    IQQH.F        IT  \\\n",
       "Date                                                                     \n",
       "2021-01-05  0.001695  0.057461  0.004114  0.008064  0.012309  0.010375   \n",
       "2021-01-06  0.016355  0.097369 -0.023455 -0.009868  0.094345  0.025546   \n",
       "2021-01-07  0.008633  0.015380  0.002832  0.029869  0.077108  0.014714   \n",
       "2021-01-08  0.004667 -0.001208 -0.040893  0.013239 -0.033681  0.017449   \n",
       "2021-01-11  0.006746 -0.109502  0.008451 -0.023106 -0.019807 -0.011354   \n",
       "\n",
       "                META      MSFT      MSTR      NVDA      PYPL      SI=F  \\\n",
       "Date                                                                     \n",
       "2021-01-05  0.007548  0.000965  0.008019  0.022210  0.012892  0.010519   \n",
       "2021-01-06 -0.028269 -0.025929  0.121130 -0.058953 -0.034396 -0.021689   \n",
       "2021-01-07  0.020622  0.028457  0.114868  0.057830  0.036194  0.008416   \n",
       "2021-01-08 -0.004354  0.006093 -0.007671 -0.005040  0.031569 -0.096250   \n",
       "2021-01-11 -0.040102 -0.009699 -0.067997  0.025966 -0.020457  0.026727   \n",
       "\n",
       "             SOL-USD      TSLA        UA   VAPU.SW  \n",
       "Date                                                \n",
       "2021-01-05 -0.131938  0.007317  0.025896  0.008708  \n",
       "2021-01-06 -0.105692  0.028390  0.003884 -0.007751  \n",
       "2021-01-07  0.229901  0.079447  0.005158  0.013517  \n",
       "2021-01-08  0.357030  0.078403 -0.021809  0.025590  \n",
       "2021-01-11 -0.034721 -0.078214  0.017705 -0.010252  "
      ]
     },
     "execution_count": 2,
     "metadata": {},
     "output_type": "execute_result"
    }
   ],
   "source": [
    "returns = pd.read_csv('data/returns.csv', index_col=0)\n",
    "returns.head()"
   ]
  },
  {
   "cell_type": "code",
   "execution_count": 3,
   "metadata": {},
   "outputs": [
    {
     "data": {
      "text/html": [
       "<div>\n",
       "<style scoped>\n",
       "    .dataframe tbody tr th:only-of-type {\n",
       "        vertical-align: middle;\n",
       "    }\n",
       "\n",
       "    .dataframe tbody tr th {\n",
       "        vertical-align: top;\n",
       "    }\n",
       "\n",
       "    .dataframe thead th {\n",
       "        text-align: right;\n",
       "    }\n",
       "</style>\n",
       "<table border=\"1\" class=\"dataframe\">\n",
       "  <thead>\n",
       "    <tr style=\"text-align: right;\">\n",
       "      <th></th>\n",
       "      <th>AAPL</th>\n",
       "      <th>AMZN</th>\n",
       "      <th>BRK-A</th>\n",
       "      <th>BTC-USD</th>\n",
       "      <th>BYDDF</th>\n",
       "      <th>CL=F</th>\n",
       "      <th>COIN</th>\n",
       "      <th>CSPX.AS</th>\n",
       "      <th>ETH-USD</th>\n",
       "      <th>GC=F</th>\n",
       "      <th>GOOGL</th>\n",
       "      <th>IQQH.F</th>\n",
       "      <th>IT</th>\n",
       "      <th>META</th>\n",
       "      <th>MSFT</th>\n",
       "      <th>MSTR</th>\n",
       "      <th>NVDA</th>\n",
       "      <th>PYPL</th>\n",
       "      <th>SI=F</th>\n",
       "      <th>SOL-USD</th>\n",
       "      <th>TSLA</th>\n",
       "      <th>UA</th>\n",
       "      <th>VAPU.SW</th>\n",
       "    </tr>\n",
       "  </thead>\n",
       "  <tbody>\n",
       "    <tr>\n",
       "      <th>AAPL</th>\n",
       "      <td>1.000000</td>\n",
       "      <td>0.572423</td>\n",
       "      <td>0.446538</td>\n",
       "      <td>0.260227</td>\n",
       "      <td>0.315148</td>\n",
       "      <td>0.031474</td>\n",
       "      <td>0.409605</td>\n",
       "      <td>0.404733</td>\n",
       "      <td>0.264191</td>\n",
       "      <td>0.039142</td>\n",
       "      <td>0.624941</td>\n",
       "      <td>0.277077</td>\n",
       "      <td>0.405560</td>\n",
       "      <td>0.498974</td>\n",
       "      <td>0.688557</td>\n",
       "      <td>0.365940</td>\n",
       "      <td>0.562026</td>\n",
       "      <td>0.467397</td>\n",
       "      <td>0.073991</td>\n",
       "      <td>0.260637</td>\n",
       "      <td>0.522761</td>\n",
       "      <td>0.368327</td>\n",
       "      <td>0.250835</td>\n",
       "    </tr>\n",
       "    <tr>\n",
       "      <th>AMZN</th>\n",
       "      <td>0.572423</td>\n",
       "      <td>1.000000</td>\n",
       "      <td>0.365067</td>\n",
       "      <td>0.283770</td>\n",
       "      <td>0.302065</td>\n",
       "      <td>0.047419</td>\n",
       "      <td>0.481839</td>\n",
       "      <td>0.375034</td>\n",
       "      <td>0.280696</td>\n",
       "      <td>0.086330</td>\n",
       "      <td>0.647101</td>\n",
       "      <td>0.238356</td>\n",
       "      <td>0.390467</td>\n",
       "      <td>0.590038</td>\n",
       "      <td>0.668876</td>\n",
       "      <td>0.410667</td>\n",
       "      <td>0.562658</td>\n",
       "      <td>0.510862</td>\n",
       "      <td>0.135129</td>\n",
       "      <td>0.261921</td>\n",
       "      <td>0.430476</td>\n",
       "      <td>0.381810</td>\n",
       "      <td>0.195795</td>\n",
       "    </tr>\n",
       "    <tr>\n",
       "      <th>BRK-A</th>\n",
       "      <td>0.446538</td>\n",
       "      <td>0.365067</td>\n",
       "      <td>1.000000</td>\n",
       "      <td>0.213635</td>\n",
       "      <td>0.133650</td>\n",
       "      <td>0.170141</td>\n",
       "      <td>0.251247</td>\n",
       "      <td>0.395886</td>\n",
       "      <td>0.219460</td>\n",
       "      <td>0.074073</td>\n",
       "      <td>0.412724</td>\n",
       "      <td>0.189494</td>\n",
       "      <td>0.418490</td>\n",
       "      <td>0.322160</td>\n",
       "      <td>0.397668</td>\n",
       "      <td>0.251645</td>\n",
       "      <td>0.286360</td>\n",
       "      <td>0.351674</td>\n",
       "      <td>0.130659</td>\n",
       "      <td>0.160828</td>\n",
       "      <td>0.226732</td>\n",
       "      <td>0.376516</td>\n",
       "      <td>0.276205</td>\n",
       "    </tr>\n",
       "    <tr>\n",
       "      <th>BTC-USD</th>\n",
       "      <td>0.260227</td>\n",
       "      <td>0.283770</td>\n",
       "      <td>0.213635</td>\n",
       "      <td>1.000000</td>\n",
       "      <td>0.174067</td>\n",
       "      <td>0.038774</td>\n",
       "      <td>0.545296</td>\n",
       "      <td>0.181120</td>\n",
       "      <td>0.807876</td>\n",
       "      <td>0.037275</td>\n",
       "      <td>0.260878</td>\n",
       "      <td>0.260928</td>\n",
       "      <td>0.217522</td>\n",
       "      <td>0.199818</td>\n",
       "      <td>0.308867</td>\n",
       "      <td>0.711464</td>\n",
       "      <td>0.309746</td>\n",
       "      <td>0.297927</td>\n",
       "      <td>0.103533</td>\n",
       "      <td>0.560850</td>\n",
       "      <td>0.283985</td>\n",
       "      <td>0.233510</td>\n",
       "      <td>0.147763</td>\n",
       "    </tr>\n",
       "    <tr>\n",
       "      <th>BYDDF</th>\n",
       "      <td>0.315148</td>\n",
       "      <td>0.302065</td>\n",
       "      <td>0.133650</td>\n",
       "      <td>0.174067</td>\n",
       "      <td>1.000000</td>\n",
       "      <td>0.103275</td>\n",
       "      <td>0.238010</td>\n",
       "      <td>0.232230</td>\n",
       "      <td>0.176180</td>\n",
       "      <td>0.036486</td>\n",
       "      <td>0.294267</td>\n",
       "      <td>0.314093</td>\n",
       "      <td>0.217091</td>\n",
       "      <td>0.232275</td>\n",
       "      <td>0.286514</td>\n",
       "      <td>0.270341</td>\n",
       "      <td>0.325815</td>\n",
       "      <td>0.317429</td>\n",
       "      <td>0.090562</td>\n",
       "      <td>0.166850</td>\n",
       "      <td>0.376354</td>\n",
       "      <td>0.241866</td>\n",
       "      <td>0.334074</td>\n",
       "    </tr>\n",
       "  </tbody>\n",
       "</table>\n",
       "</div>"
      ],
      "text/plain": [
       "             AAPL      AMZN     BRK-A   BTC-USD     BYDDF      CL=F      COIN  \\\n",
       "AAPL     1.000000  0.572423  0.446538  0.260227  0.315148  0.031474  0.409605   \n",
       "AMZN     0.572423  1.000000  0.365067  0.283770  0.302065  0.047419  0.481839   \n",
       "BRK-A    0.446538  0.365067  1.000000  0.213635  0.133650  0.170141  0.251247   \n",
       "BTC-USD  0.260227  0.283770  0.213635  1.000000  0.174067  0.038774  0.545296   \n",
       "BYDDF    0.315148  0.302065  0.133650  0.174067  1.000000  0.103275  0.238010   \n",
       "\n",
       "          CSPX.AS   ETH-USD      GC=F     GOOGL    IQQH.F        IT      META  \\\n",
       "AAPL     0.404733  0.264191  0.039142  0.624941  0.277077  0.405560  0.498974   \n",
       "AMZN     0.375034  0.280696  0.086330  0.647101  0.238356  0.390467  0.590038   \n",
       "BRK-A    0.395886  0.219460  0.074073  0.412724  0.189494  0.418490  0.322160   \n",
       "BTC-USD  0.181120  0.807876  0.037275  0.260878  0.260928  0.217522  0.199818   \n",
       "BYDDF    0.232230  0.176180  0.036486  0.294267  0.314093  0.217091  0.232275   \n",
       "\n",
       "             MSFT      MSTR      NVDA      PYPL      SI=F   SOL-USD      TSLA  \\\n",
       "AAPL     0.688557  0.365940  0.562026  0.467397  0.073991  0.260637  0.522761   \n",
       "AMZN     0.668876  0.410667  0.562658  0.510862  0.135129  0.261921  0.430476   \n",
       "BRK-A    0.397668  0.251645  0.286360  0.351674  0.130659  0.160828  0.226732   \n",
       "BTC-USD  0.308867  0.711464  0.309746  0.297927  0.103533  0.560850  0.283985   \n",
       "BYDDF    0.286514  0.270341  0.325815  0.317429  0.090562  0.166850  0.376354   \n",
       "\n",
       "               UA   VAPU.SW  \n",
       "AAPL     0.368327  0.250835  \n",
       "AMZN     0.381810  0.195795  \n",
       "BRK-A    0.376516  0.276205  \n",
       "BTC-USD  0.233510  0.147763  \n",
       "BYDDF    0.241866  0.334074  "
      ]
     },
     "execution_count": 3,
     "metadata": {},
     "output_type": "execute_result"
    }
   ],
   "source": [
    "corr_matrix = returns.corr(method='pearson')\n",
    "corr_matrix.head()"
   ]
  },
  {
   "cell_type": "code",
   "execution_count": 4,
   "metadata": {},
   "outputs": [],
   "source": [
    "corr_matrix.to_csv('data/corr_matrix.csv')"
   ]
  },
  {
   "cell_type": "markdown",
   "metadata": {},
   "source": [
    "# Visualization and EDA of the correlation matrix\n",
    "\n",
    "## Key observations\n",
    "\n",
    "- Almost all correlations are positive (negative ones are close to zero).\n",
    "- Highly correlating assets belong to the same industry or have similar purposes, e.g.:\n",
    "  - Microsoft, Google, Apple, and Amazon\n",
    "  - Coinbase and MicroStrategy\n",
    "  - Bitcoin and Ethereum\n",
    "  - Gold and Silver\n",
    "- Commodities (gold, silver, and crude oil) do not correlate with the equity and crypto markets."
   ]
  },
  {
   "cell_type": "code",
   "execution_count": 5,
   "metadata": {},
   "outputs": [
    {
     "data": {
      "application/vnd.plotly.v1+json": {
       "config": {
        "plotlyServerURL": "https://plot.ly"
       },
       "data": [
        {
         "coloraxis": "coloraxis",
         "hovertemplate": "x: %{x}<br>y: %{y}<br>color: %{z}<extra></extra>",
         "name": "0",
         "type": "heatmap",
         "x": [
          "AAPL",
          "AMZN",
          "BRK-A",
          "BTC-USD",
          "BYDDF",
          "CL=F",
          "COIN",
          "CSPX.AS",
          "ETH-USD",
          "GC=F",
          "GOOGL",
          "IQQH.F",
          "IT",
          "META",
          "MSFT",
          "MSTR",
          "NVDA",
          "PYPL",
          "SI=F",
          "SOL-USD",
          "TSLA",
          "UA",
          "VAPU.SW"
         ],
         "xaxis": "x",
         "y": [
          "AAPL",
          "AMZN",
          "BRK-A",
          "BTC-USD",
          "BYDDF",
          "CL=F",
          "COIN",
          "CSPX.AS",
          "ETH-USD",
          "GC=F",
          "GOOGL",
          "IQQH.F",
          "IT",
          "META",
          "MSFT",
          "MSTR",
          "NVDA",
          "PYPL",
          "SI=F",
          "SOL-USD",
          "TSLA",
          "UA",
          "VAPU.SW"
         ],
         "yaxis": "y",
         "z": [
          [
           1,
           0.5724228291371627,
           0.44653824825319804,
           0.2602270533888997,
           0.3151478451861448,
           0.031474087243275065,
           0.4096051387006563,
           0.40473253886162863,
           0.26419103625208135,
           0.03914212348658555,
           0.6249408300960784,
           0.2770767391057973,
           0.4055595782865352,
           0.49897377928076003,
           0.6885574142476442,
           0.36593953583640043,
           0.5620264420367703,
           0.4673974146286709,
           0.07399148182770135,
           0.26063689819606983,
           0.5227605660048594,
           0.3683274835194314,
           0.2508347955540247
          ],
          [
           0.5724228291371627,
           1,
           0.36506663636313075,
           0.28376990893892856,
           0.3020652562929833,
           0.04741932324461095,
           0.48183888405410785,
           0.37503448754607194,
           0.28069640705061083,
           0.086329609243388,
           0.6471012609413411,
           0.23835559804642434,
           0.3904667821328366,
           0.5900377015171087,
           0.668875845745921,
           0.41066659834897734,
           0.5626575414325612,
           0.5108622561735497,
           0.13512902716768,
           0.2619205100992877,
           0.43047647118896154,
           0.38180988861993337,
           0.1957949293802914
          ],
          [
           0.44653824825319804,
           0.36506663636313075,
           1,
           0.2136350410952052,
           0.13365009269498893,
           0.17014143663650666,
           0.25124688613768187,
           0.39588618213228594,
           0.2194602036960528,
           0.07407310891621932,
           0.41272440434501184,
           0.18949393498634948,
           0.4184895540257395,
           0.3221604500400673,
           0.3976681627724583,
           0.25164549238399697,
           0.28635986180822065,
           0.35167393047933704,
           0.13065860723733672,
           0.16082789022204683,
           0.22673175432238343,
           0.3765163764989923,
           0.276204689054146
          ],
          [
           0.2602270533888997,
           0.28376990893892856,
           0.2136350410952052,
           1,
           0.17406655788578065,
           0.038773768096437546,
           0.545296328046401,
           0.18112034467559165,
           0.807876171429364,
           0.03727540712828795,
           0.2608780339372835,
           0.2609284612674425,
           0.21752218371747817,
           0.19981802340231566,
           0.30886680050421383,
           0.7114636442244078,
           0.30974642979465766,
           0.29792731889721147,
           0.10353264609601191,
           0.5608501909125111,
           0.2839854610508956,
           0.23351031967430547,
           0.1477632890795541
          ],
          [
           0.3151478451861448,
           0.3020652562929833,
           0.13365009269498893,
           0.17406655788578065,
           1,
           0.10327491441067925,
           0.2380101966365283,
           0.2322297213517126,
           0.17618022752698936,
           0.036486046452886514,
           0.2942665519610884,
           0.3140934536601113,
           0.21709107169553674,
           0.2322745928693239,
           0.286514491282516,
           0.2703414172733222,
           0.3258145820208466,
           0.31742867405228165,
           0.09056237657618621,
           0.16685046765781086,
           0.3763535997238086,
           0.24186648509581962,
           0.33407367348935946
          ],
          [
           0.031474087243275065,
           0.04741932324461095,
           0.17014143663650666,
           0.038773768096437546,
           0.10327491441067925,
           1,
           0.03226022688402009,
           0.14029739760337126,
           0.05489702373535558,
           0.1662415209960413,
           0.06232698558871754,
           0.08731965392951324,
           0.06146603134669903,
           0.013061369412802776,
           0.032753977179415084,
           0.04298111104549407,
           0.038719364701734246,
           0.005217339242705735,
           0.2113931299362758,
           0.032915623209308055,
           0.0199784042740517,
           0.032312433210078206,
           0.21272421702156252
          ],
          [
           0.4096051387006563,
           0.48183888405410785,
           0.25124688613768187,
           0.545296328046401,
           0.2380101966365283,
           0.03226022688402009,
           1,
           0.28052268214365783,
           0.5044108966314033,
           0.05338221425380756,
           0.41343832964222665,
           0.29668457492727596,
           0.28802895414261337,
           0.3900809199033898,
           0.4138785759935094,
           0.7318482467865768,
           0.46011650409763927,
           0.45084735907760637,
           0.1452122219563914,
           0.4042616761456818,
           0.45138501557228267,
           0.37691562253699756,
           0.20572911700762359
          ],
          [
           0.40473253886162863,
           0.37503448754607194,
           0.39588618213228594,
           0.18112034467559165,
           0.2322297213517126,
           0.14029739760337126,
           0.28052268214365783,
           1,
           0.21663586894781925,
           -0.05048248035872487,
           0.38237469920191275,
           0.4148262536258529,
           0.3199780925718335,
           0.3452635439320835,
           0.39062409472914683,
           0.2441279023502414,
           0.3955461166684824,
           0.3209580697111528,
           0.04986305684964805,
           0.1882849220462417,
           0.319237179771491,
           0.3113366975078896,
           0.501257684197384
          ],
          [
           0.26419103625208135,
           0.28069640705061083,
           0.2194602036960528,
           0.807876171429364,
           0.17618022752698936,
           0.05489702373535558,
           0.5044108966314033,
           0.21663586894781925,
           1,
           0.07085029854796922,
           0.27039941105026843,
           0.27355829154732536,
           0.21942725402566907,
           0.2048316430964988,
           0.304122915224931,
           0.6006901707871278,
           0.30104901801026357,
           0.26939799972785283,
           0.13347286235238748,
           0.5887335489101433,
           0.27005361902616093,
           0.2396247383486396,
           0.2097881797862548
          ],
          [
           0.03914212348658555,
           0.086329609243388,
           0.07407310891621932,
           0.03727540712828795,
           0.036486046452886514,
           0.1662415209960413,
           0.05338221425380756,
           -0.05048248035872487,
           0.07085029854796922,
           1,
           0.0677073799140273,
           0.1200182738297994,
           0.045154144235291994,
           0.040965147108682265,
           0.06753233045898177,
           0.0771540390580427,
           0.0396269947288175,
           0.0384679010289537,
           0.7786216455080711,
           0.015855428047547512,
           0.00378518276157916,
           0.005521750900875133,
           0.14147670719974023
          ],
          [
           0.6249408300960784,
           0.6471012609413411,
           0.41272440434501184,
           0.2608780339372835,
           0.2942665519610884,
           0.06232698558871754,
           0.41343832964222665,
           0.38237469920191275,
           0.27039941105026843,
           0.0677073799140273,
           1,
           0.2395700330339172,
           0.42394701858181066,
           0.5994407411086399,
           0.7149637606889236,
           0.3381772411147985,
           0.5562954816301999,
           0.45468682232488794,
           0.118636870063283,
           0.25349191305584046,
           0.38231871549884505,
           0.37155117710762103,
           0.21948788263058083
          ],
          [
           0.2770767391057973,
           0.23835559804642434,
           0.18949393498634948,
           0.2609284612674425,
           0.3140934536601113,
           0.08731965392951324,
           0.29668457492727596,
           0.4148262536258529,
           0.27355829154732536,
           0.1200182738297994,
           0.2395700330339172,
           1,
           0.2365812273635846,
           0.18015555157214158,
           0.257955515024545,
           0.32764174381797945,
           0.309743878118226,
           0.31423742164052,
           0.20096128714920314,
           0.1779102250352504,
           0.3768565587276652,
           0.29399876157973087,
           0.2726631164107202
          ],
          [
           0.4055595782865352,
           0.3904667821328366,
           0.4184895540257395,
           0.21752218371747817,
           0.21709107169553674,
           0.06146603134669903,
           0.28802895414261337,
           0.3199780925718335,
           0.21942725402566907,
           0.045154144235291994,
           0.42394701858181066,
           0.2365812273635846,
           1,
           0.35454878866386386,
           0.4986613245717795,
           0.2997144479117937,
           0.4349123166963689,
           0.3740788978126996,
           0.09360891284469858,
           0.17923700091135314,
           0.26683446168678643,
           0.396318201762724,
           0.181409366509802
          ],
          [
           0.49897377928076003,
           0.5900377015171087,
           0.3221604500400673,
           0.19981802340231566,
           0.2322745928693239,
           0.013061369412802776,
           0.3900809199033898,
           0.3452635439320835,
           0.2048316430964988,
           0.040965147108682265,
           0.5994407411086399,
           0.18015555157214158,
           0.35454878866386386,
           1,
           0.5801534422260419,
           0.29914014492238633,
           0.4967352693184417,
           0.48944414697902855,
           0.07624253627507223,
           0.1746167717010461,
           0.3189266729108662,
           0.31762320152525453,
           0.20159845777556198
          ],
          [
           0.6885574142476442,
           0.668875845745921,
           0.3976681627724583,
           0.30886680050421383,
           0.286514491282516,
           0.032753977179415084,
           0.4138785759935094,
           0.39062409472914683,
           0.304122915224931,
           0.06753233045898177,
           0.7149637606889236,
           0.257955515024545,
           0.4986613245717795,
           0.5801534422260419,
           1,
           0.3887925102321239,
           0.6390038123356848,
           0.4507985465815946,
           0.1391225412500217,
           0.2669541281097738,
           0.42274465009784506,
           0.36105445225517296,
           0.19104657789603094
          ],
          [
           0.36593953583640043,
           0.41066659834897734,
           0.25164549238399697,
           0.7114636442244078,
           0.2703414172733222,
           0.04298111104549407,
           0.7318482467865768,
           0.2441279023502414,
           0.6006901707871278,
           0.0771540390580427,
           0.3381772411147985,
           0.32764174381797945,
           0.2997144479117937,
           0.29914014492238633,
           0.3887925102321239,
           1,
           0.42518364374786966,
           0.39024820287663065,
           0.1628148395907951,
           0.4502413379453187,
           0.40680323892302556,
           0.3158386836773597,
           0.16338433294152327
          ],
          [
           0.5620264420367703,
           0.5626575414325612,
           0.28635986180822065,
           0.30974642979465766,
           0.3258145820208466,
           0.038719364701734246,
           0.46011650409763927,
           0.3955461166684824,
           0.30104901801026357,
           0.0396269947288175,
           0.5562954816301999,
           0.309743878118226,
           0.4349123166963689,
           0.4967352693184417,
           0.6390038123356848,
           0.42518364374786966,
           1,
           0.43888851118481675,
           0.10703943823061787,
           0.2610883136838476,
           0.48079553666230773,
           0.35909985572782166,
           0.2439476307062694
          ],
          [
           0.4673974146286709,
           0.5108622561735497,
           0.35167393047933704,
           0.29792731889721147,
           0.31742867405228165,
           0.005217339242705735,
           0.45084735907760637,
           0.3209580697111528,
           0.26939799972785283,
           0.0384679010289537,
           0.45468682232488794,
           0.31423742164052,
           0.3740788978126996,
           0.48944414697902855,
           0.4507985465815946,
           0.39024820287663065,
           0.43888851118481675,
           1,
           0.08969835526507977,
           0.25842675474421506,
           0.4306045501892154,
           0.40328477635190224,
           0.24027269223579467
          ],
          [
           0.07399148182770135,
           0.13512902716768,
           0.13065860723733672,
           0.10353264609601191,
           0.09056237657618621,
           0.2113931299362758,
           0.1452122219563914,
           0.04986305684964805,
           0.13347286235238748,
           0.7786216455080711,
           0.118636870063283,
           0.20096128714920314,
           0.09360891284469858,
           0.07624253627507223,
           0.1391225412500217,
           0.1628148395907951,
           0.10703943823061787,
           0.08969835526507977,
           1,
           0.0781773269535344,
           0.06927320812624518,
           0.07465123675311068,
           0.19696092235426452
          ],
          [
           0.26063689819606983,
           0.2619205100992877,
           0.16082789022204683,
           0.5608501909125111,
           0.16685046765781086,
           0.032915623209308055,
           0.4042616761456818,
           0.1882849220462417,
           0.5887335489101433,
           0.015855428047547512,
           0.25349191305584046,
           0.1779102250352504,
           0.17923700091135314,
           0.1746167717010461,
           0.2669541281097738,
           0.4502413379453187,
           0.2610883136838476,
           0.25842675474421506,
           0.0781773269535344,
           1,
           0.2540733256485586,
           0.2104521726930838,
           0.1753709780229305
          ],
          [
           0.5227605660048594,
           0.43047647118896154,
           0.22673175432238343,
           0.2839854610508956,
           0.3763535997238086,
           0.0199784042740517,
           0.45138501557228267,
           0.319237179771491,
           0.27005361902616093,
           0.00378518276157916,
           0.38231871549884505,
           0.3768565587276652,
           0.26683446168678643,
           0.3189266729108662,
           0.42274465009784506,
           0.40680323892302556,
           0.48079553666230773,
           0.4306045501892154,
           0.06927320812624518,
           0.2540733256485586,
           1,
           0.2877009098474764,
           0.2176918581195922
          ],
          [
           0.3683274835194314,
           0.38180988861993337,
           0.3765163764989923,
           0.23351031967430547,
           0.24186648509581962,
           0.032312433210078206,
           0.37691562253699756,
           0.3113366975078896,
           0.2396247383486396,
           0.005521750900875133,
           0.37155117710762103,
           0.29399876157973087,
           0.396318201762724,
           0.31762320152525453,
           0.36105445225517296,
           0.3158386836773597,
           0.35909985572782166,
           0.40328477635190224,
           0.07465123675311068,
           0.2104521726930838,
           0.2877009098474764,
           1,
           0.2170281694154526
          ],
          [
           0.2508347955540247,
           0.1957949293802914,
           0.276204689054146,
           0.1477632890795541,
           0.33407367348935946,
           0.21272421702156252,
           0.20572911700762359,
           0.501257684197384,
           0.2097881797862548,
           0.14147670719974023,
           0.21948788263058083,
           0.2726631164107202,
           0.181409366509802,
           0.20159845777556198,
           0.19104657789603094,
           0.16338433294152327,
           0.2439476307062694,
           0.24027269223579467,
           0.19696092235426452,
           0.1753709780229305,
           0.2176918581195922,
           0.2170281694154526,
           1
          ]
         ]
        }
       ],
       "layout": {
        "coloraxis": {
         "cmax": 1,
         "cmin": -1,
         "colorscale": [
          [
           0,
           "rgb(103,0,31)"
          ],
          [
           0.1,
           "rgb(178,24,43)"
          ],
          [
           0.2,
           "rgb(214,96,77)"
          ],
          [
           0.3,
           "rgb(244,165,130)"
          ],
          [
           0.4,
           "rgb(253,219,199)"
          ],
          [
           0.5,
           "rgb(247,247,247)"
          ],
          [
           0.6,
           "rgb(209,229,240)"
          ],
          [
           0.7,
           "rgb(146,197,222)"
          ],
          [
           0.8,
           "rgb(67,147,195)"
          ],
          [
           0.9,
           "rgb(33,102,172)"
          ],
          [
           1,
           "rgb(5,48,97)"
          ]
         ]
        },
        "height": 700,
        "template": {
         "data": {
          "bar": [
           {
            "error_x": {
             "color": "#2a3f5f"
            },
            "error_y": {
             "color": "#2a3f5f"
            },
            "marker": {
             "line": {
              "color": "#E5ECF6",
              "width": 0.5
             },
             "pattern": {
              "fillmode": "overlay",
              "size": 10,
              "solidity": 0.2
             }
            },
            "type": "bar"
           }
          ],
          "barpolar": [
           {
            "marker": {
             "line": {
              "color": "#E5ECF6",
              "width": 0.5
             },
             "pattern": {
              "fillmode": "overlay",
              "size": 10,
              "solidity": 0.2
             }
            },
            "type": "barpolar"
           }
          ],
          "carpet": [
           {
            "aaxis": {
             "endlinecolor": "#2a3f5f",
             "gridcolor": "white",
             "linecolor": "white",
             "minorgridcolor": "white",
             "startlinecolor": "#2a3f5f"
            },
            "baxis": {
             "endlinecolor": "#2a3f5f",
             "gridcolor": "white",
             "linecolor": "white",
             "minorgridcolor": "white",
             "startlinecolor": "#2a3f5f"
            },
            "type": "carpet"
           }
          ],
          "choropleth": [
           {
            "colorbar": {
             "outlinewidth": 0,
             "ticks": ""
            },
            "type": "choropleth"
           }
          ],
          "contour": [
           {
            "colorbar": {
             "outlinewidth": 0,
             "ticks": ""
            },
            "colorscale": [
             [
              0,
              "#0d0887"
             ],
             [
              0.1111111111111111,
              "#46039f"
             ],
             [
              0.2222222222222222,
              "#7201a8"
             ],
