{
 "cells": [
  {
   "cell_type": "code",
   "execution_count": 1,
   "metadata": {},
   "outputs": [],
   "source": [
    "import pandas as pd\n",
    "import plotly.express as px\n",
    "\n",
    "pd.set_option('display.max_columns', None)"
   ]
  },
  {
   "cell_type": "code",
   "execution_count": 2,
   "metadata": {},
   "outputs": [
    {
     "data": {
      "text/html": [
       "<div>\n",
       "<style scoped>\n",
       "    .dataframe tbody tr th:only-of-type {\n",
       "        vertical-align: middle;\n",
       "    }\n",
       "\n",
       "    .dataframe tbody tr th {\n",
       "        vertical-align: top;\n",
       "    }\n",
       "\n",
       "    .dataframe thead th {\n",
       "        text-align: right;\n",
       "    }\n",
       "</style>\n",
       "<table border=\"1\" class=\"dataframe\">\n",
       "  <thead>\n",
       "    <tr style=\"text-align: right;\">\n",
       "      <th></th>\n",
       "      <th>AAPL</th>\n",
       "      <th>AMZN</th>\n",
       "      <th>BRK-A</th>\n",
       "      <th>BTC-USD</th>\n",
       "      <th>BYDDF</th>\n",
       "      <th>CL=F</th>\n",
       "      <th>COIN</th>\n",
       "      <th>CSPX.AS</th>\n",
       "      <th>ETH-USD</th>\n",
       "      <th>GC=F</th>\n",
       "      <th>GOOGL</th>\n",
       "      <th>IQQH.F</th>\n",
       "      <th>IT</th>\n",
       "      <th>META</th>\n",
       "      <th>MSFT</th>\n",
       "      <th>MSTR</th>\n",
       "      <th>NVDA</th>\n",
       "      <th>PYPL</th>\n",
       "      <th>SI=F</th>\n",
       "      <th>SOL-USD</th>\n",
       "      <th>TSLA</th>\n",
       "      <th>UA</th>\n",
       "      <th>VAPU.SW</th>\n",
       "    </tr>\n",
       "    <tr>\n",
       "      <th>Date</th>\n",
       "      <th></th>\n",
       "      <th></th>\n",
       "      <th></th>\n",
       "      <th></th>\n",
       "      <th></th>\n",
       "      <th></th>\n",
       "      <th></th>\n",
       "      <th></th>\n",
       "      <th></th>\n",
       "      <th></th>\n",
       "      <th></th>\n",
       "      <th></th>\n",
       "      <th></th>\n",
       "      <th></th>\n",
       "      <th></th>\n",
       "      <th></th>\n",
       "      <th></th>\n",
       "      <th></th>\n",
       "      <th></th>\n",
       "      <th></th>\n",
       "      <th></th>\n",
       "      <th></th>\n",
       "      <th></th>\n",
       "    </tr>\n",
       "  </thead>\n",
       "  <tbody>\n",
       "    <tr>\n",
       "      <th>2021-01-05</th>\n",
       "      <td>0.012364</td>\n",
       "      <td>0.010004</td>\n",
       "      <td>-0.004963</td>\n",
       "      <td>0.063197</td>\n",
       "      <td>0.067736</td>\n",
       "      <td>0.048509</td>\n",
       "      <td>NaN</td>\n",
       "      <td>0.001695</td>\n",
       "      <td>0.057461</td>\n",
       "      <td>0.004114</td>\n",
       "      <td>0.008064</td>\n",
       "      <td>0.012309</td>\n",
       "      <td>0.010375</td>\n",
       "      <td>0.007548</td>\n",
       "      <td>0.000965</td>\n",
       "      <td>0.008019</td>\n",
       "      <td>0.022210</td>\n",
       "      <td>0.012892</td>\n",
       "      <td>0.010519</td>\n",
       "      <td>-0.131938</td>\n",
       "      <td>0.007317</td>\n",
       "      <td>0.025896</td>\n",
       "      <td>0.008708</td>\n",
       "    </tr>\n",
       "    <tr>\n",
       "      <th>2021-01-06</th>\n",
       "      <td>-0.033662</td>\n",
       "      <td>-0.024897</td>\n",
       "      <td>0.012782</td>\n",
       "      <td>0.083311</td>\n",
       "      <td>-0.028047</td>\n",
       "      <td>0.014020</td>\n",
       "      <td>NaN</td>\n",
       "      <td>0.016355</td>\n",
       "      <td>0.097369</td>\n",
       "      <td>-0.023455</td>\n",
       "      <td>-0.009868</td>\n",
       "      <td>0.094345</td>\n",
       "      <td>0.025546</td>\n",
       "      <td>-0.028269</td>\n",
       "      <td>-0.025929</td>\n",
       "      <td>0.121130</td>\n",
       "      <td>-0.058953</td>\n",
       "      <td>-0.034396</td>\n",
       "      <td>-0.021689</td>\n",
       "      <td>-0.105692</td>\n",
       "      <td>0.028390</td>\n",
       "      <td>0.003884</td>\n",
       "      <td>-0.007751</td>\n",
       "    </tr>\n",
       "    <tr>\n",
       "      <th>2021-01-07</th>\n",
       "      <td>0.034123</td>\n",
       "      <td>0.007577</td>\n",
       "      <td>0.011266</td>\n",
       "      <td>0.069157</td>\n",
       "      <td>0.065613</td>\n",
       "      <td>0.003950</td>\n",
       "      <td>NaN</td>\n",
       "      <td>0.008633</td>\n",
       "      <td>0.015380</td>\n",
       "      <td>0.002832</td>\n",
       "      <td>0.029869</td>\n",
       "      <td>0.077108</td>\n",
       "      <td>0.014714</td>\n",
       "      <td>0.020622</td>\n",
       "      <td>0.028457</td>\n",
       "      <td>0.114868</td>\n",
       "      <td>0.057830</td>\n",
       "      <td>0.036194</td>\n",
       "      <td>0.008416</td>\n",
       "      <td>0.229901</td>\n",
       "      <td>0.079447</td>\n",
       "      <td>0.005158</td>\n",
       "      <td>0.013517</td>\n",
       "    </tr>\n",
       "    <tr>\n",
       "      <th>2021-01-08</th>\n",
       "      <td>0.008631</td>\n",
       "      <td>0.006496</td>\n",
       "      <td>0.005570</td>\n",
       "      <td>0.036234</td>\n",
       "      <td>0.012250</td>\n",
       "      <td>0.027740</td>\n",
       "      <td>NaN</td>\n",
       "      <td>0.004667</td>\n",
       "      <td>-0.001208</td>\n",
       "      <td>-0.040893</td>\n",
       "      <td>0.013239</td>\n",
       "      <td>-0.033681</td>\n",
       "      <td>0.017449</td>\n",
       "      <td>-0.004354</td>\n",
       "      <td>0.006093</td>\n",
       "      <td>-0.007671</td>\n",
       "      <td>-0.005040</td>\n",
       "      <td>0.031569</td>\n",
       "      <td>-0.096250</td>\n",
       "      <td>0.357030</td>\n",
       "      <td>0.078403</td>\n",
       "      <td>-0.021809</td>\n",
       "      <td>0.025590</td>\n",
       "    </tr>\n",
       "    <tr>\n",
       "      <th>2021-01-11</th>\n",
       "      <td>-0.023249</td>\n",
       "      <td>-0.021519</td>\n",
       "      <td>-0.005650</td>\n",
       "      <td>-0.128217</td>\n",
       "      <td>0.030255</td>\n",
       "      <td>0.000191</td>\n",
       "      <td>NaN</td>\n",
       "      <td>0.006746</td>\n",
       "      <td>-0.109502</td>\n",
       "      <td>0.008451</td>\n",
       "      <td>-0.023106</td>\n",
       "      <td>-0.019807</td>\n",
       "      <td>-0.011354</td>\n",
       "      <td>-0.040102</td>\n",
       "      <td>-0.009699</td>\n",
       "      <td>-0.067997</td>\n",
       "      <td>0.025966</td>\n",
       "      <td>-0.020457</td>\n",
       "      <td>0.026727</td>\n",
       "      <td>-0.034721</td>\n",
       "      <td>-0.078214</td>\n",
       "      <td>0.017705</td>\n",
       "      <td>-0.010252</td>\n",
       "    </tr>\n",
       "  </tbody>\n",
       "</table>\n",
       "</div>"
      ],
      "text/plain": [
       "                AAPL      AMZN     BRK-A   BTC-USD     BYDDF      CL=F  COIN  \\\n",
       "Date                                                                           \n",
       "2021-01-05  0.012364  0.010004 -0.004963  0.063197  0.067736  0.048509   NaN   \n",
       "2021-01-06 -0.033662 -0.024897  0.012782  0.083311 -0.028047  0.014020   NaN   \n",
       "2021-01-07  0.034123  0.007577  0.011266  0.069157  0.065613  0.003950   NaN   \n",
       "2021-01-08  0.008631  0.006496  0.005570  0.036234  0.012250  0.027740   NaN   \n",
       "2021-01-11 -0.023249 -0.021519 -0.005650 -0.128217  0.030255  0.000191   NaN   \n",
       "\n",
       "             CSPX.AS   ETH-USD      GC=F     GOOGL    IQQH.F        IT  \\\n",
       "Date                                                                     \n",
       "2021-01-05  0.001695  0.057461  0.004114  0.008064  0.012309  0.010375   \n",
       "2021-01-06  0.016355  0.097369 -0.023455 -0.009868  0.094345  0.025546   \n",
       "2021-01-07  0.008633  0.015380  0.002832  0.029869  0.077108  0.014714   \n",
       "2021-01-08  0.004667 -0.001208 -0.040893  0.013239 -0.033681  0.017449   \n",
       "2021-01-11  0.006746 -0.109502  0.008451 -0.023106 -0.019807 -0.011354   \n",
       "\n",
       "                META      MSFT      MSTR      NVDA      PYPL      SI=F  \\\n",
       "Date                                                                     \n",
       "2021-01-05  0.007548  0.000965  0.008019  0.022210  0.012892  0.010519   \n",
       "2021-01-06 -0.028269 -0.025929  0.121130 -0.058953 -0.034396 -0.021689   \n",
       "2021-01-07  0.020622  0.028457  0.114868  0.057830  0.036194  0.008416   \n",
       "2021-01-08 -0.004354  0.006093 -0.007671 -0.005040  0.031569 -0.096250   \n",
       "2021-01-11 -0.040102 -0.009699 -0.067997  0.025966 -0.020457  0.026727   \n",
       "\n",
       "             SOL-USD      TSLA        UA   VAPU.SW  \n",
       "Date                                                \n",
       "2021-01-05 -0.131938  0.007317  0.025896  0.008708  \n",
       "2021-01-06 -0.105692  0.028390  0.003884 -0.007751  \n",
       "2021-01-07  0.229901  0.079447  0.005158  0.013517  \n",
       "2021-01-08  0.357030  0.078403 -0.021809  0.025590  \n",
       "2021-01-11 -0.034721 -0.078214  0.017705 -0.010252  "
      ]
     },
     "execution_count": 2,
     "metadata": {},
     "output_type": "execute_result"
    }
   ],
   "source": [
    "returns = pd.read_csv('returns.csv', index_col=0)\n",
    "returns.head()"
   ]
  },
  {
   "cell_type": "code",
   "execution_count": 3,
   "metadata": {},
   "outputs": [
    {
     "data": {
      "text/html": [
       "<div>\n",
       "<style scoped>\n",
       "    .dataframe tbody tr th:only-of-type {\n",
       "        vertical-align: middle;\n",
       "    }\n",
       "\n",
       "    .dataframe tbody tr th {\n",
       "        vertical-align: top;\n",
       "    }\n",
       "\n",
       "    .dataframe thead th {\n",
       "        text-align: right;\n",
       "    }\n",
       "</style>\n",
       "<table border=\"1\" class=\"dataframe\">\n",
       "  <thead>\n",
       "    <tr style=\"text-align: right;\">\n",
       "      <th></th>\n",
       "      <th>AAPL</th>\n",
       "      <th>AMZN</th>\n",
       "      <th>BRK-A</th>\n",
       "      <th>BTC-USD</th>\n",
       "      <th>BYDDF</th>\n",
       "      <th>CL=F</th>\n",
       "      <th>COIN</th>\n",
       "      <th>CSPX.AS</th>\n",
       "      <th>ETH-USD</th>\n",
       "      <th>GC=F</th>\n",
       "      <th>GOOGL</th>\n",
       "      <th>IQQH.F</th>\n",
       "      <th>IT</th>\n",
       "      <th>META</th>\n",
       "      <th>MSFT</th>\n",
       "      <th>MSTR</th>\n",
       "      <th>NVDA</th>\n",
       "      <th>PYPL</th>\n",
       "      <th>SI=F</th>\n",
       "      <th>SOL-USD</th>\n",
       "      <th>TSLA</th>\n",
       "      <th>UA</th>\n",
       "      <th>VAPU.SW</th>\n",
       "    </tr>\n",
       "  </thead>\n",
       "  <tbody>\n",
       "    <tr>\n",
       "      <th>AAPL</th>\n",
       "      <td>1.000000</td>\n",
       "      <td>0.572072</td>\n",
       "      <td>0.445524</td>\n",
       "      <td>0.259040</td>\n",
       "      <td>0.315416</td>\n",
       "      <td>0.030137</td>\n",
       "      <td>0.410565</td>\n",
       "      <td>0.404653</td>\n",
       "      <td>0.263578</td>\n",
       "      <td>0.037735</td>\n",
       "      <td>0.624626</td>\n",
       "      <td>0.276372</td>\n",
       "      <td>0.405590</td>\n",
       "      <td>0.498789</td>\n",
       "      <td>0.688782</td>\n",
       "      <td>0.366760</td>\n",
       "      <td>0.563613</td>\n",
       "      <td>0.466988</td>\n",
       "      <td>0.073182</td>\n",
       "      <td>0.259616</td>\n",
       "      <td>0.523757</td>\n",
       "      <td>0.370391</td>\n",
       "      <td>0.252188</td>\n",
       "    </tr>\n",
       "    <tr>\n",
       "      <th>AMZN</th>\n",
       "      <td>0.572072</td>\n",
       "      <td>1.000000</td>\n",
       "      <td>0.364457</td>\n",
       "      <td>0.282756</td>\n",
       "      <td>0.302139</td>\n",
       "      <td>0.046750</td>\n",
       "      <td>0.482229</td>\n",
       "      <td>0.375306</td>\n",
       "      <td>0.279922</td>\n",
       "      <td>0.085180</td>\n",
       "      <td>0.646796</td>\n",
       "      <td>0.238061</td>\n",
       "      <td>0.390121</td>\n",
       "      <td>0.589799</td>\n",
       "      <td>0.668810</td>\n",
       "      <td>0.410885</td>\n",
       "      <td>0.563441</td>\n",
       "      <td>0.510465</td>\n",
       "      <td>0.134279</td>\n",
       "      <td>0.260987</td>\n",
       "      <td>0.430630</td>\n",
       "      <td>0.384792</td>\n",
       "      <td>0.198276</td>\n",
       "    </tr>\n",
       "    <tr>\n",
       "      <th>BRK-A</th>\n",
       "      <td>0.445524</td>\n",
       "      <td>0.364457</td>\n",
       "      <td>1.000000</td>\n",
       "      <td>0.212028</td>\n",
       "      <td>0.133912</td>\n",
       "      <td>0.168549</td>\n",
       "      <td>0.252309</td>\n",
       "      <td>0.395584</td>\n",
       "      <td>0.218685</td>\n",
       "      <td>0.072534</td>\n",
       "      <td>0.412147</td>\n",
       "      <td>0.188307</td>\n",
       "      <td>0.418879</td>\n",
       "      <td>0.321754</td>\n",
       "      <td>0.397831</td>\n",
       "      <td>0.252664</td>\n",
       "      <td>0.287462</td>\n",
       "      <td>0.351153</td>\n",
       "      <td>0.130044</td>\n",
       "      <td>0.159460</td>\n",
       "      <td>0.227595</td>\n",
       "      <td>0.378039</td>\n",
       "      <td>0.276624</td>\n",
       "    </tr>\n",
       "    <tr>\n",
       "      <th>BTC-USD</th>\n",
       "      <td>0.259040</td>\n",
       "      <td>0.282756</td>\n",
       "      <td>0.212028</td>\n",
       "      <td>1.000000</td>\n",
       "      <td>0.174515</td>\n",
       "      <td>0.037933</td>\n",
       "      <td>0.544012</td>\n",
       "      <td>0.183277</td>\n",
       "      <td>0.806053</td>\n",
       "      <td>0.032806</td>\n",
       "      <td>0.259295</td>\n",
       "      <td>0.261899</td>\n",
       "      <td>0.214359</td>\n",
       "      <td>0.196163</td>\n",
       "      <td>0.308441</td>\n",
       "      <td>0.711260</td>\n",
       "      <td>0.305664</td>\n",
       "      <td>0.296525</td>\n",
       "      <td>0.099512</td>\n",
       "      <td>0.559255</td>\n",
       "      <td>0.281890</td>\n",
       "      <td>0.218624</td>\n",
       "      <td>0.157563</td>\n",
       "    </tr>\n",
       "    <tr>\n",
       "      <th>BYDDF</th>\n",
       "      <td>0.315416</td>\n",
       "      <td>0.302139</td>\n",
       "      <td>0.133912</td>\n",
       "      <td>0.174515</td>\n",
       "      <td>1.000000</td>\n",
       "      <td>0.103535</td>\n",
       "      <td>0.238058</td>\n",
       "      <td>0.232604</td>\n",
       "      <td>0.176563</td>\n",
       "      <td>0.036369</td>\n",
       "      <td>0.294346</td>\n",
       "      <td>0.314436</td>\n",
       "      <td>0.217056</td>\n",
       "      <td>0.232314</td>\n",
       "      <td>0.286471</td>\n",
       "      <td>0.270522</td>\n",
       "      <td>0.326304</td>\n",
       "      <td>0.317486</td>\n",
       "      <td>0.090407</td>\n",
       "      <td>0.166889</td>\n",
       "      <td>0.376514</td>\n",
       "      <td>0.246494</td>\n",
       "      <td>0.338033</td>\n",
       "    </tr>\n",
       "  </tbody>\n",
       "</table>\n",
       "</div>"
      ],
      "text/plain": [
       "             AAPL      AMZN     BRK-A   BTC-USD     BYDDF      CL=F      COIN  \\\n",
       "AAPL     1.000000  0.572072  0.445524  0.259040  0.315416  0.030137  0.410565   \n",
       "AMZN     0.572072  1.000000  0.364457  0.282756  0.302139  0.046750  0.482229   \n",
       "BRK-A    0.445524  0.364457  1.000000  0.212028  0.133912  0.168549  0.252309   \n",
       "BTC-USD  0.259040  0.282756  0.212028  1.000000  0.174515  0.037933  0.544012   \n",
       "BYDDF    0.315416  0.302139  0.133912  0.174515  1.000000  0.103535  0.238058   \n",
       "\n",
       "          CSPX.AS   ETH-USD      GC=F     GOOGL    IQQH.F        IT      META  \\\n",
       "AAPL     0.404653  0.263578  0.037735  0.624626  0.276372  0.405590  0.498789   \n",
       "AMZN     0.375306  0.279922  0.085180  0.646796  0.238061  0.390121  0.589799   \n",
       "BRK-A    0.395584  0.218685  0.072534  0.412147  0.188307  0.418879  0.321754   \n",
       "BTC-USD  0.183277  0.806053  0.032806  0.259295  0.261899  0.214359  0.196163   \n",
       "BYDDF    0.232604  0.176563  0.036369  0.294346  0.314436  0.217056  0.232314   \n",
       "\n",
       "             MSFT      MSTR      NVDA      PYPL      SI=F   SOL-USD      TSLA  \\\n",
       "AAPL     0.688782  0.366760  0.563613  0.466988  0.073182  0.259616  0.523757   \n",
       "AMZN     0.668810  0.410885  0.563441  0.510465  0.134279  0.260987  0.430630   \n",
       "BRK-A    0.397831  0.252664  0.287462  0.351153  0.130044  0.159460  0.227595   \n",
       "BTC-USD  0.308441  0.711260  0.305664  0.296525  0.099512  0.559255  0.281890   \n",
       "BYDDF    0.286471  0.270522  0.326304  0.317486  0.090407  0.166889  0.376514   \n",
       "\n",
       "               UA   VAPU.SW  \n",
       "AAPL     0.370391  0.252188  \n",
       "AMZN     0.384792  0.198276  \n",
       "BRK-A    0.378039  0.276624  \n",
       "BTC-USD  0.218624  0.157563  \n",
       "BYDDF    0.246494  0.338033  "
      ]
     },
     "execution_count": 3,
     "metadata": {},
     "output_type": "execute_result"
    }
   ],
   "source": [
    "corr_matrix = returns.corr(method='pearson')\n",
    "corr_matrix.head()"
   ]
  },
  {
   "cell_type": "markdown",
   "metadata": {},
   "source": [
    "# Visualization and analysis of the correlation matrix\n",
    "\n",
    "## Key observations\n",
    "\n",
    "- Almost all correlations are positive (negative ones are close to zero).\n",
    "- Highly correlating assets belong to the same industry or have similar purposes, e.g.:\n",
    "  - Microsoft, Apple, and Amazon\n",
    "  - Coinbase and MicroStrategy\n",
    "  - Bitcoin and Ethereum\n",
    "  - Gold and Silver\n",
    "- Commodities (gold, silver, and crude oil) do not correlate with the equity and crypto markets."
   ]
  },
  {
   "cell_type": "code",
   "execution_count": 4,
   "metadata": {},
   "outputs": [
    {
     "data": {
      "application/vnd.plotly.v1+json": {
       "config": {
        "plotlyServerURL": "https://plot.ly"
       },
       "data": [
        {
         "coloraxis": "coloraxis",
         "hovertemplate": "x: %{x}<br>y: %{y}<br>color: %{z}<extra></extra>",
         "name": "0",
         "type": "heatmap",
         "x": [
          "AAPL",
          "AMZN",
          "BRK-A",
          "BTC-USD",
          "BYDDF",
          "CL=F",
          "COIN",
          "CSPX.AS",
          "ETH-USD",
          "GC=F",
          "GOOGL",
          "IQQH.F",
          "IT",
          "META",
          "MSFT",
          "MSTR",
          "NVDA",
          "PYPL",
          "SI=F",
          "SOL-USD",
          "TSLA",
          "UA",
          "VAPU.SW"
         ],
         "xaxis": "x",
         "y": [
          "AAPL",
          "AMZN",
          "BRK-A",
          "BTC-USD",
          "BYDDF",
          "CL=F",
          "COIN",
          "CSPX.AS",
          "ETH-USD",
          "GC=F",
          "GOOGL",
          "IQQH.F",
          "IT",
          "META",
          "MSFT",
          "MSTR",
          "NVDA",
          "PYPL",
          "SI=F",
          "SOL-USD",
          "TSLA",
          "UA",
          "VAPU.SW"
         ],
         "yaxis": "y",
         "z": [
          [
           1,
           0.5720717255350428,
           0.44552414340717145,
           0.259040430369871,
           0.3154160590530999,
           0.030137338272306375,
           0.4105650703326192,
           0.40465284944194163,
           0.2635783510712535,
           0.03773510119871038,
           0.6246255717025118,
           0.2763720237961155,
           0.40559016779788865,
           0.49878856094929974,
           0.6887822976767803,
           0.3667600292102763,
           0.5636125874191993,
           0.46698837994374515,
           0.0731820692956369,
           0.25961566835126065,
           0.5237569105527273,
           0.37039111325187146,
           0.2521877945602732
          ],
          [
           0.5720717255350428,
           1,
           0.3644572983725599,
           0.2827559610472923,
           0.3021389950459823,
           0.04675014170480505,
           0.4822288930373006,
           0.37530557769944,
           0.2799216874953101,
           0.08517983663673484,
           0.6467962724882467,
           0.2380608106062857,
           0.3901210927537386,
           0.5897991386180441,
           0.6688096050203665,
           0.41088487105819105,
           0.5634405781615165,
           0.5104651821617948,
           0.13427947360528067,
           0.2609870822341642,
           0.43062996042139096,
           0.38479182192520944,
           0.19827560316970075
          ],
          [
           0.44552414340717145,
           0.3644572983725599,
           1,
           0.21202754558196585,
           0.1339122135180474,
           0.16854925778221339,
           0.2523089151557686,
           0.3955835877641307,
           0.21868519928008975,
           0.07253375549524603,
           0.41214698209813994,
           0.18830731435787723,
           0.4188791064451153,
           0.3217544359449044,
           0.3978310341825242,
           0.25266415347068305,
           0.28746199992659244,
           0.35115261825210614,
           0.130044454935178,
           0.15945983807870232,
           0.2275951711225076,
           0.3780391237778753,
           0.2766237155950554
          ],
          [
           0.259040430369871,
           0.2827559610472923,
           0.21202754558196585,
           1,
           0.1745153981690147,
           0.037932814309214136,
           0.5440118774462528,
           0.18327689166503594,
           0.806053007095116,
           0.0328056474614865,
           0.25929500458951515,
           0.26189907720379835,
           0.21435881218570582,
           0.19616281071030867,
           0.30844111426256887,
           0.7112602872572064,
           0.3056643100748323,
           0.2965248482360897,
           0.09951188422981128,
           0.5592553486187534,
           0.28189049242138214,
           0.2186240016702277,
           0.15756329222312926
          ],
          [
           0.3154160590530999,
           0.3021389950459823,
           0.1339122135180474,
           0.1745153981690147,
           1,
           0.10353533009250848,
           0.23805786849823693,
           0.2326036104824259,
           0.17656262118148802,
           0.03636935580463554,
           0.2943460457836773,
           0.31443550756234745,
           0.21705621025483746,
           0.23231357636911557,
           0.2864710347824828,
           0.2705219210141974,
           0.3263038551285952,
           0.31748627640377747,
           0.09040658753864869,
           0.16688885610523596,
           0.3765137008492701,
           0.2464938208662283,
           0.3380334233660253
          ],
          [
           0.030137338272306375,
           0.04675014170480505,
           0.16854925778221339,
           0.037932814309214136,
           0.10353533009250848,
           1,
           0.0335115813743419,
           0.13926972465157364,
           0.0549059795368458,
           0.16573085730775455,
           0.061674835490940154,
           0.08602692798414407,
           0.06179721296605346,
           0.012796139670656575,
           0.03274300668990899,
           0.04422122669059334,
           0.03992583198176475,
           0.004662325184483349,
           0.21174262612515432,
           0.03217150373711969,
           0.02099745704126503,
           0.02966592306145226,
           0.21105795519500026
          ],
          [
           0.4105650703326192,
           0.4822288930373006,
           0.2523089151557686,
           0.5440118774462528,
           0.23805786849823693,
           0.0335115813743419,
           1,
           0.28340547868366595,
           0.5020527965674602,
           0.05133223480244324,
           0.41339141305296107,
           0.29883246614303255,
           0.28583719627353854,
           0.38858505111886005,
           0.41360814233191945,
           0.730510588435791,
           0.45722373485819623,
           0.4506829667804918,
           0.14260807550856197,
           0.4031613171923038,
           0.4493836375573782,
           0.37642101724115307,
           0.2175399067006
          ],
          [
           0.40465284944194163,
           0.37530557769944,
           0.3955835877641307,
           0.18327689166503594,
           0.2326036104824259,
           0.13926972465157364,
           0.28340547868366595,
           1,
           0.21962816922226866,
           -0.050359815452223934,
           0.3827852126840194,
           0.41425528668959094,
           0.3215976738430966,
           0.34660184113625486,
           0.3913164058184872,
           0.24686395050070556,
           0.39918533417871094,
           0.32144134253688156,
           0.050799309998505036,
           0.18899508690850433,
           0.32144467722996056,
           0.3198524248278227,
           0.5014494447374919
          ],
          [
           0.2635783510712535,
           0.2799216874953101,
           0.21868519928008975,
           0.806053007095116,
           0.17656262118148802,
           0.0549059795368458,
           0.5020527965674602,
           0.21962816922226866,
           1,
           0.06678623941546892,
           0.2691094566216188,
           0.275254894727837,
           0.2160149299356687,
           0.2011585566235162,
           0.30363881030377093,
           0.5989855257182245,
           0.2961679508640428,
           0.2679937989946371,
           0.12948996990364636,
           0.5875382436027642,
           0.26728609856401586,
           0.22559996846722521,
           0.2226291966779258
          ],
          [
           0.03773510119871038,
           0.08517983663673484,
           0.07253375549524603,
           0.0328056474614865,
           0.03636935580463554,
           0.16573085730775455,
           0.05133223480244324,
           -0.050359815452223934,
           0.06678623941546892,
           1,
           0.06632928282371806,
           0.11967780619351281,
           0.04332960892530323,
           0.03885522224362324,
           0.0667086447097706,
           0.07524831542973645,
           0.037134721769935354,
           0.03707079670472313,
           0.7783102198726545,
           0.013441165082401346,
           0.002291513248240474,
           -0.004362120782244575,
           0.14544862115370027
          ],
          [
           0.6246255717025118,
           0.6467962724882467,
           0.41214698209813994,
           0.25929500458951515,
           0.2943460457836773,
           0.061674835490940154,
           0.41339141305296107,
           0.3827852126840194,
           0.2691094566216188,
           0.06632928282371806,
           1,
           0.23931643143817743,
           0.4234769607489714,
           0.599055795360627,
           0.7149104798671874,
           0.3379376513643702,
           0.5567731368459778,
           0.45415944163029076,
           0.11755067241324929,
           0.2523392795186452,
           0.3822177811144351,
           0.37339051727376393,
           0.22267275935915257
          ],
          [
           0.2763720237961155,
           0.2380608106062857,
           0.18830731435787723,
           0.26189907720379835,
           0.31443550756234745,
           0.08602692798414407,
           0.29883246614303255,
           0.41425528668959094,
           0.275254894727837,
           0.11967780619351281,
           0.23931643143817743,
           1,
           0.23733079055551234,
           0.18040256855015552,
           0.25819545932340426,
           0.3297398678844699,
           0.3120061998811684,
           0.3142088173768427,
           0.20140919045629402,
           0.17775413256406292,
           0.3785531017823059,
           0.2986953090980361,
           0.2718704451363084
          ],
          [
           0.40559016779788865,
           0.3901210927537386,
           0.4188791064451153,
           0.21435881218570582,
           0.21705621025483746,
           0.06179721296605346,
           0.28583719627353854,
           0.3215976738430966,
           0.2160149299356687,
           0.04332960892530323,
           0.4234769607489714,
           0.23733079055551234,
           1,
           0.35311481457100535,
           0.4983525771736237,
           0.2976167066422091,
           0.43309101537112493,
           0.3734319724172117,
           0.09158618342660586,
           0.17749269003665735,
           0.2651804426476264,
           0.3967124706345058,
           0.18864012095374164
          ],
          [
           0.49878856094929974,
           0.5897991386180441,
           0.3217544359449044,
           0.19616281071030867,
           0.23231357636911557,
           0.012796139670656575,
           0.38858505111886005,
           0.34660184113625486,
           0.2011585566235162,
           0.03885522224362324,
           0.599055795360627,
           0.18040256855015552,
           0.35311481457100535,
           1,
           0.5799547964603321,
           0.2973226992550394,
           0.49544422990473747,
           0.48882370734103636,
           0.07412573644699351,
           0.1725938254068205,
           0.31766262712338134,
           0.31504380048150016,
           0.20792933195267146
          ],
          [
           0.6887822976767803,
           0.6688096050203665,
           0.3978310341825242,
           0.30844111426256887,
           0.2864710347824828,
           0.03274300668990899,
           0.41360814233191945,
           0.3913164058184872,
           0.30363881030377093,
           0.0667086447097706,
           0.7149104798671874,
           0.25819545932340426,
           0.4983525771736237,
           0.5799547964603321,
           1,
           0.3884997236487505,
           0.639586633174411,
           0.45051700061065786,
           0.1383206145695663,
           0.2663454615389217,
           0.42246539163593233,
           0.365001094494443,
           0.19483793682488368
          ],
          [
           0.3667600292102763,
           0.41088487105819105,
           0.25266415347068305,
           0.7112602872572064,
           0.2705219210141974,
           0.04422122669059334,
           0.730510588435791,
           0.24686395050070556,
           0.5989855257182245,
           0.07524831542973645,
           0.3379376513643702,
           0.3297398678844699,
           0.2976167066422091,
           0.2973226992550394,
           0.3884997236487505,
           1,
           0.422112086903157,
           0.389951339511916,
           0.16043048857590161,
           0.4493779105419792,
           0.40475161847478647,
           0.3133650939849205,
           0.17417616349695733
          ],
          [
           0.5636125874191993,
           0.5634405781615165,
           0.28746199992659244,
           0.3056643100748323,
           0.3263038551285952,
           0.03992583198176475,
           0.45722373485819623,
           0.39918533417871094,
           0.2961679508640428,
           0.037134721769935354,
           0.5567731368459778,
           0.3120061998811684,
           0.43309101537112493,
           0.49544422990473747,
           0.639586633174411,
           0.422112086903157,
           1,
           0.4387275505292295,
           0.10402411277271127,
           0.25916339247809256,
           0.4788883243720066,
           0.3557427847591847,
           0.256813940437896
          ],
          [
           0.46698837994374515,
           0.5104651821617948,
           0.35115261825210614,
           0.2965248482360897,
           0.31748627640377747,
           0.004662325184483349,
           0.4506829667804918,
           0.32144134253688156,
           0.2679937989946371,
           0.03707079670472313,
           0.45415944163029076,
           0.3142088173768427,
           0.3734319724172117,
           0.48882370734103636,
           0.45051700061065786,
           0.389951339511916,
           0.4387275505292295,
           1,
           0.0885078244566793,
           0.2572954915945304,
           0.4304204398948644,
           0.40592464768270803,
           0.24417611713811424
          ],
          [
           0.0731820692956369,
           0.13427947360528067,
           0.130044454935178,
           0.09951188422981128,
           0.09040658753864869,
           0.21174262612515432,
           0.14260807550856197,
           0.050799309998505036,
           0.12948996990364636,
           0.7783102198726545,
           0.11755067241324929,
           0.20140919045629402,
           0.09158618342660586,
           0.07412573644699351,
           0.1383206145695663,
           0.16043048857590161,
           0.10402411277271127,
           0.0885078244566793,
           1,
           0.07606342120209643,
           0.0672966759533945,
           0.06701535331901459,
           0.20364163485462528
          ],
          [
           0.25961566835126065,
           0.2609870822341642,
           0.15945983807870232,
           0.5592553486187534,
           0.16688885610523596,
           0.03217150373711969,
           0.4031613171923038,
           0.18899508690850433,
           0.5875382436027642,
           0.013441165082401346,
           0.2523392795186452,
           0.17775413256406292,
           0.17749269003665735,
           0.1725938254068205,
           0.2663454615389217,
           0.4493779105419792,
           0.25916339247809256,
           0.2572954915945304,
           0.07606342120209643,
           1,
           0.25298830016917323,
           0.20438356458478418,
           0.18037956374887842
          ],
          [
           0.5237569105527273,
           0.43062996042139096,
           0.2275951711225076,
           0.28189049242138214,
           0.3765137008492701,
           0.02099745704126503,
           0.4493836375573782,
           0.32144467722996056,
           0.26728609856401586,
           0.002291513248240474,
           0.3822177811144351,
           0.3785531017823059,
           0.2651804426476264,
           0.31766262712338134,
           0.42246539163593233,
           0.40475161847478647,
           0.4788883243720066,
           0.4304204398948644,
           0.0672966759533945,
           0.25298830016917323,
           1,
           0.2873475535666144,
           0.2268724243113656
          ],
          [
           0.37039111325187146,
           0.38479182192520944,
           0.3780391237778753,
           0.2186240016702277,
           0.2464938208662283,
           0.02966592306145226,
           0.37642101724115307,
           0.3198524248278227,
           0.22559996846722521,
           -0.004362120782244575,
           0.37339051727376393,
           0.2986953090980361,
           0.3967124706345058,
           0.31504380048150016,
           0.365001094494443,
           0.3133650939849205,
           0.3557427847591847,
           0.40592464768270803,
           0.06701535331901459,
           0.20438356458478418,
           0.2873475535666144,
           1,
           0.2366392189945904
          ],
          [
           0.2521877945602732,
           0.19827560316970075,
           0.2766237155950554,
           0.15756329222312926,
           0.3380334233660253,
           0.21105795519500026,
           0.2175399067006,
           0.5014494447374919,
           0.2226291966779258,
           0.14544862115370027,
           0.22267275935915257,
           0.2718704451363084,
           0.18864012095374164,
           0.20792933195267146,
           0.19483793682488368,
           0.17417616349695733,
           0.256813940437896,
           0.24417611713811424,
           0.20364163485462528,
           0.18037956374887842,
           0.2268724243113656,
           0.2366392189945904,
           1
          ]
         ]
        }
       ],
       "layout": {
        "coloraxis": {
         "cmax": 1,
         "cmin": -1,
         "colorscale": [
          [
           0,
           "rgb(103,0,31)"
          ],
          [
           0.1,
           "rgb(178,24,43)"
          ],
          [
           0.2,
           "rgb(214,96,77)"
          ],
          [
           0.3,
           "rgb(244,165,130)"
          ],
          [
           0.4,
           "rgb(253,219,199)"
          ],
          [
           0.5,
           "rgb(247,247,247)"
          ],
          [
           0.6,
           "rgb(209,229,240)"
          ],
          [
           0.7,
           "rgb(146,197,222)"
          ],
          [
           0.8,
           "rgb(67,147,195)"
          ],
          [
           0.9,
           "rgb(33,102,172)"
          ],
          [
           1,
           "rgb(5,48,97)"
          ]
         ]
        },
        "height": 700,
        "template": {
         "data": {
          "bar": [
           {
            "error_x": {
             "color": "#2a3f5f"
            },
            "error_y": {
             "color": "#2a3f5f"
            },
            "marker": {
             "line": {
              "color": "#E5ECF6",
              "width": 0.5
             },
             "pattern": {
              "fillmode": "overlay",
              "size": 10,
              "solidity": 0.2
             }
            },
            "type": "bar"
           }
          ],
          "barpolar": [
           {
            "marker": {
             "line": {
              "color": "#E5ECF6",
              "width": 0.5
             },
             "pattern": {
              "fillmode": "overlay",
              "size": 10,
              "solidity": 0.2
             }
            },
            "type": "barpolar"
           }
          ],
          "carpet": [
           {
            "aaxis": {
             "endlinecolor": "#2a3f5f",
             "gridcolor": "white",
             "linecolor": "white",
             "minorgridcolor": "white",
             "startlinecolor": "#2a3f5f"
            },
            "baxis": {
             "endlinecolor": "#2a3f5f",
             "gridcolor": "white",
             "linecolor": "white",
             "minorgridcolor": "white",
             "startlinecolor": "#2a3f5f"
            },
            "type": "carpet"
           }
          ],
          "choropleth": [
           {
            "colorbar": {
             "outlinewidth": 0,
             "ticks": ""
            },
            "type": "choropleth"
           }
          ],
          "contour": [
           {
            "colorbar": {
             "outlinewidth": 0,
             "ticks": ""
            },
            "colorscale": [
             [
              0,
              "#0d0887"
             ],
             [
              0.1111111111111111,
              "#46039f"
             ],
             [
              0.2222222222222222,
              "#7201a8"
             ],
             [
              0.3333333333333333,
              "#9c179e"
             ],
             [
              0.4444444444444444,
              "#bd3786"
