{
 "cells": [
  {
   "cell_type": "code",
   "execution_count": 1,
   "metadata": {},
   "outputs": [],
   "source": [
    "import pandas as pd\n",
    "import plotly.express as px\n",
    "\n",
    "pd.set_option('display.max_columns', None)"
   ]
  },
  {
   "cell_type": "code",
   "execution_count": 2,
   "metadata": {},
   "outputs": [
    {
     "data": {
      "text/html": [
       "<div>\n",
       "<style scoped>\n",
       "    .dataframe tbody tr th:only-of-type {\n",
       "        vertical-align: middle;\n",
       "    }\n",
       "\n",
       "    .dataframe tbody tr th {\n",
       "        vertical-align: top;\n",
       "    }\n",
       "\n",
       "    .dataframe thead th {\n",
       "        text-align: right;\n",
       "    }\n",
       "</style>\n",
       "<table border=\"1\" class=\"dataframe\">\n",
       "  <thead>\n",
       "    <tr style=\"text-align: right;\">\n",
       "      <th></th>\n",
       "      <th>AAPL</th>\n",
       "      <th>AMZN</th>\n",
       "      <th>BRK-A</th>\n",
       "      <th>BTC-USD</th>\n",
       "      <th>BYDDF</th>\n",
       "      <th>CL=F</th>\n",
       "      <th>COIN</th>\n",
       "      <th>CSPX.AS</th>\n",
       "      <th>ETH-USD</th>\n",
       "      <th>GC=F</th>\n",
       "      <th>GOOGL</th>\n",
       "      <th>IQQH.F</th>\n",
       "      <th>IT</th>\n",
       "      <th>META</th>\n",
       "      <th>MSFT</th>\n",
       "      <th>MSTR</th>\n",
       "      <th>NVDA</th>\n",
       "      <th>PYPL</th>\n",
       "      <th>SI=F</th>\n",
       "      <th>SOL-USD</th>\n",
       "      <th>TSLA</th>\n",
       "      <th>UA</th>\n",
       "      <th>VAPU.SW</th>\n",
       "    </tr>\n",
       "    <tr>\n",
       "      <th>Date</th>\n",
       "      <th></th>\n",
       "      <th></th>\n",
       "      <th></th>\n",
       "      <th></th>\n",
       "      <th></th>\n",
       "      <th></th>\n",
       "      <th></th>\n",
       "      <th></th>\n",
       "      <th></th>\n",
       "      <th></th>\n",
       "      <th></th>\n",
       "      <th></th>\n",
       "      <th></th>\n",
       "      <th></th>\n",
       "      <th></th>\n",
       "      <th></th>\n",
       "      <th></th>\n",
       "      <th></th>\n",
       "      <th></th>\n",
       "      <th></th>\n",
       "      <th></th>\n",
       "      <th></th>\n",
       "      <th></th>\n",
       "    </tr>\n",
       "  </thead>\n",
       "  <tbody>\n",
       "    <tr>\n",
       "      <th>2021-01-05</th>\n",
       "      <td>0.012364</td>\n",
       "      <td>0.010004</td>\n",
       "      <td>-0.004963</td>\n",
       "      <td>0.063197</td>\n",
       "      <td>0.067736</td>\n",
       "      <td>0.048509</td>\n",
       "      <td>NaN</td>\n",
       "      <td>0.001695</td>\n",
       "      <td>0.057461</td>\n",
       "      <td>0.004114</td>\n",
       "      <td>0.008064</td>\n",
       "      <td>0.012309</td>\n",
       "      <td>0.010375</td>\n",
       "      <td>0.007548</td>\n",
       "      <td>0.000965</td>\n",
       "      <td>0.008019</td>\n",
       "      <td>0.022210</td>\n",
       "      <td>0.012892</td>\n",
       "      <td>0.010519</td>\n",
       "      <td>-0.131938</td>\n",
       "      <td>0.007317</td>\n",
       "      <td>0.025896</td>\n",
       "      <td>0.008708</td>\n",
       "    </tr>\n",
       "    <tr>\n",
       "      <th>2021-01-06</th>\n",
       "      <td>-0.033662</td>\n",
       "      <td>-0.024897</td>\n",
       "      <td>0.012782</td>\n",
       "      <td>0.083311</td>\n",
       "      <td>-0.028047</td>\n",
       "      <td>0.014020</td>\n",
       "      <td>NaN</td>\n",
       "      <td>0.016355</td>\n",
       "      <td>0.097369</td>\n",
       "      <td>-0.023455</td>\n",
       "      <td>-0.009868</td>\n",
       "      <td>0.094345</td>\n",
       "      <td>0.025546</td>\n",
       "      <td>-0.028269</td>\n",
       "      <td>-0.025929</td>\n",
       "      <td>0.121130</td>\n",
       "      <td>-0.058953</td>\n",
       "      <td>-0.034396</td>\n",
       "      <td>-0.021689</td>\n",
       "      <td>-0.105692</td>\n",
       "      <td>0.028390</td>\n",
       "      <td>0.003884</td>\n",
       "      <td>-0.007751</td>\n",
       "    </tr>\n",
       "    <tr>\n",
       "      <th>2021-01-07</th>\n",
       "      <td>0.034123</td>\n",
       "      <td>0.007577</td>\n",
       "      <td>0.011266</td>\n",
       "      <td>0.069157</td>\n",
       "      <td>0.065613</td>\n",
       "      <td>0.003950</td>\n",
       "      <td>NaN</td>\n",
       "      <td>0.008633</td>\n",
       "      <td>0.015380</td>\n",
       "      <td>0.002832</td>\n",
       "      <td>0.029869</td>\n",
       "      <td>0.077108</td>\n",
       "      <td>0.014714</td>\n",
       "      <td>0.020622</td>\n",
       "      <td>0.028457</td>\n",
       "      <td>0.114868</td>\n",
       "      <td>0.057830</td>\n",
       "      <td>0.036194</td>\n",
       "      <td>0.008416</td>\n",
       "      <td>0.229901</td>\n",
       "      <td>0.079447</td>\n",
       "      <td>0.005158</td>\n",
       "      <td>0.013517</td>\n",
       "    </tr>\n",
       "    <tr>\n",
       "      <th>2021-01-08</th>\n",
       "      <td>0.008631</td>\n",
       "      <td>0.006496</td>\n",
       "      <td>0.005570</td>\n",
       "      <td>0.036234</td>\n",
       "      <td>0.012250</td>\n",
       "      <td>0.027740</td>\n",
       "      <td>NaN</td>\n",
       "      <td>0.004667</td>\n",
       "      <td>-0.001208</td>\n",
       "      <td>-0.040893</td>\n",
       "      <td>0.013239</td>\n",
       "      <td>-0.033681</td>\n",
       "      <td>0.017449</td>\n",
       "      <td>-0.004354</td>\n",
       "      <td>0.006093</td>\n",
       "      <td>-0.007671</td>\n",
       "      <td>-0.005040</td>\n",
       "      <td>0.031569</td>\n",
       "      <td>-0.096250</td>\n",
       "      <td>0.357030</td>\n",
       "      <td>0.078403</td>\n",
       "      <td>-0.021809</td>\n",
       "      <td>0.025590</td>\n",
       "    </tr>\n",
       "    <tr>\n",
       "      <th>2021-01-11</th>\n",
       "      <td>-0.023249</td>\n",
       "      <td>-0.021519</td>\n",
       "      <td>-0.005650</td>\n",
       "      <td>-0.128217</td>\n",
       "      <td>0.030255</td>\n",
       "      <td>0.000191</td>\n",
       "      <td>NaN</td>\n",
       "      <td>0.006746</td>\n",
       "      <td>-0.109502</td>\n",
       "      <td>0.008451</td>\n",
       "      <td>-0.023106</td>\n",
       "      <td>-0.019807</td>\n",
       "      <td>-0.011354</td>\n",
       "      <td>-0.040102</td>\n",
       "      <td>-0.009699</td>\n",
       "      <td>-0.067997</td>\n",
       "      <td>0.025966</td>\n",
       "      <td>-0.020457</td>\n",
       "      <td>0.026727</td>\n",
       "      <td>-0.034721</td>\n",
       "      <td>-0.078214</td>\n",
       "      <td>0.017705</td>\n",
       "      <td>-0.010252</td>\n",
       "    </tr>\n",
       "  </tbody>\n",
       "</table>\n",
       "</div>"
      ],
      "text/plain": [
       "                AAPL      AMZN     BRK-A   BTC-USD     BYDDF      CL=F  COIN  \\\n",
       "Date                                                                           \n",
       "2021-01-05  0.012364  0.010004 -0.004963  0.063197  0.067736  0.048509   NaN   \n",
       "2021-01-06 -0.033662 -0.024897  0.012782  0.083311 -0.028047  0.014020   NaN   \n",
       "2021-01-07  0.034123  0.007577  0.011266  0.069157  0.065613  0.003950   NaN   \n",
       "2021-01-08  0.008631  0.006496  0.005570  0.036234  0.012250  0.027740   NaN   \n",
       "2021-01-11 -0.023249 -0.021519 -0.005650 -0.128217  0.030255  0.000191   NaN   \n",
       "\n",
       "             CSPX.AS   ETH-USD      GC=F     GOOGL    IQQH.F        IT  \\\n",
       "Date                                                                     \n",
       "2021-01-05  0.001695  0.057461  0.004114  0.008064  0.012309  0.010375   \n",
       "2021-01-06  0.016355  0.097369 -0.023455 -0.009868  0.094345  0.025546   \n",
       "2021-01-07  0.008633  0.015380  0.002832  0.029869  0.077108  0.014714   \n",
       "2021-01-08  0.004667 -0.001208 -0.040893  0.013239 -0.033681  0.017449   \n",
       "2021-01-11  0.006746 -0.109502  0.008451 -0.023106 -0.019807 -0.011354   \n",
       "\n",
       "                META      MSFT      MSTR      NVDA      PYPL      SI=F  \\\n",
       "Date                                                                     \n",
       "2021-01-05  0.007548  0.000965  0.008019  0.022210  0.012892  0.010519   \n",
       "2021-01-06 -0.028269 -0.025929  0.121130 -0.058953 -0.034396 -0.021689   \n",
       "2021-01-07  0.020622  0.028457  0.114868  0.057830  0.036194  0.008416   \n",
       "2021-01-08 -0.004354  0.006093 -0.007671 -0.005040  0.031569 -0.096250   \n",
       "2021-01-11 -0.040102 -0.009699 -0.067997  0.025966 -0.020457  0.026727   \n",
       "\n",
       "             SOL-USD      TSLA        UA   VAPU.SW  \n",
       "Date                                                \n",
       "2021-01-05 -0.131938  0.007317  0.025896  0.008708  \n",
       "2021-01-06 -0.105692  0.028390  0.003884 -0.007751  \n",
       "2021-01-07  0.229901  0.079447  0.005158  0.013517  \n",
       "2021-01-08  0.357030  0.078403 -0.021809  0.025590  \n",
       "2021-01-11 -0.034721 -0.078214  0.017705 -0.010252  "
      ]
     },
     "execution_count": 2,
     "metadata": {},
     "output_type": "execute_result"
    }
   ],
   "source": [
    "returns = pd.read_csv('data/returns.csv', index_col=0)\n",
    "returns.head()"
   ]
  },
  {
   "cell_type": "code",
   "execution_count": 3,
   "metadata": {},
   "outputs": [
    {
     "data": {
      "text/html": [
       "<div>\n",
       "<style scoped>\n",
       "    .dataframe tbody tr th:only-of-type {\n",
       "        vertical-align: middle;\n",
       "    }\n",
       "\n",
       "    .dataframe tbody tr th {\n",
       "        vertical-align: top;\n",
       "    }\n",
       "\n",
       "    .dataframe thead th {\n",
       "        text-align: right;\n",
       "    }\n",
       "</style>\n",
       "<table border=\"1\" class=\"dataframe\">\n",
       "  <thead>\n",
       "    <tr style=\"text-align: right;\">\n",
       "      <th></th>\n",
       "      <th>AAPL</th>\n",
       "      <th>AMZN</th>\n",
       "      <th>BRK-A</th>\n",
       "      <th>BTC-USD</th>\n",
       "      <th>BYDDF</th>\n",
       "      <th>CL=F</th>\n",
       "      <th>COIN</th>\n",
       "      <th>CSPX.AS</th>\n",
       "      <th>ETH-USD</th>\n",
       "      <th>GC=F</th>\n",
       "      <th>GOOGL</th>\n",
       "      <th>IQQH.F</th>\n",
       "      <th>IT</th>\n",
       "      <th>META</th>\n",
       "      <th>MSFT</th>\n",
       "      <th>MSTR</th>\n",
       "      <th>NVDA</th>\n",
       "      <th>PYPL</th>\n",
       "      <th>SI=F</th>\n",
       "      <th>SOL-USD</th>\n",
       "      <th>TSLA</th>\n",
       "      <th>UA</th>\n",
       "      <th>VAPU.SW</th>\n",
       "    </tr>\n",
       "  </thead>\n",
       "  <tbody>\n",
       "    <tr>\n",
       "      <th>AAPL</th>\n",
       "      <td>1.000000</td>\n",
       "      <td>0.572740</td>\n",
       "      <td>0.446624</td>\n",
       "      <td>0.259353</td>\n",
       "      <td>0.315071</td>\n",
       "      <td>0.031077</td>\n",
       "      <td>0.410292</td>\n",
       "      <td>0.405282</td>\n",
       "      <td>0.263219</td>\n",
       "      <td>0.040651</td>\n",
       "      <td>0.625071</td>\n",
       "      <td>0.276372</td>\n",
       "      <td>0.405963</td>\n",
       "      <td>0.499454</td>\n",
       "      <td>0.689307</td>\n",
       "      <td>0.366380</td>\n",
       "      <td>0.564145</td>\n",
       "      <td>0.466988</td>\n",
       "      <td>0.072921</td>\n",
       "      <td>0.260210</td>\n",
       "      <td>0.523235</td>\n",
       "      <td>0.370938</td>\n",
       "      <td>0.252188</td>\n",
       "    </tr>\n",
       "    <tr>\n",
       "      <th>AMZN</th>\n",
       "      <td>0.572740</td>\n",
       "      <td>1.000000</td>\n",
       "      <td>0.365648</td>\n",
       "      <td>0.283042</td>\n",
       "      <td>0.301836</td>\n",
       "      <td>0.047624</td>\n",
       "      <td>0.481952</td>\n",
       "      <td>0.375946</td>\n",
       "      <td>0.279580</td>\n",
       "      <td>0.087768</td>\n",
       "      <td>0.647201</td>\n",
       "      <td>0.238061</td>\n",
       "      <td>0.390501</td>\n",
       "      <td>0.590318</td>\n",
       "      <td>0.669336</td>\n",
       "      <td>0.410507</td>\n",
       "      <td>0.563954</td>\n",
       "      <td>0.510465</td>\n",
       "      <td>0.133989</td>\n",
       "      <td>0.261556</td>\n",
       "      <td>0.430226</td>\n",
       "      <td>0.385305</td>\n",
       "      <td>0.198276</td>\n",
       "    </tr>\n",
       "    <tr>\n",
       "      <th>BRK-A</th>\n",
       "      <td>0.446624</td>\n",
       "      <td>0.365648</td>\n",
       "      <td>1.000000</td>\n",
       "      <td>0.212419</td>\n",
       "      <td>0.133645</td>\n",
       "      <td>0.169481</td>\n",
       "      <td>0.252094</td>\n",
       "      <td>0.396309</td>\n",
       "      <td>0.218244</td>\n",
       "      <td>0.075967</td>\n",
       "      <td>0.412983</td>\n",
       "      <td>0.188307</td>\n",
       "      <td>0.419242</td>\n",
       "      <td>0.322834</td>\n",
       "      <td>0.399058</td>\n",
       "      <td>0.252259</td>\n",
       "      <td>0.288524</td>\n",
       "      <td>0.351153</td>\n",
       "      <td>0.129638</td>\n",
       "      <td>0.160287</td>\n",
       "      <td>0.227207</td>\n",
       "      <td>0.378636</td>\n",
       "      <td>0.276624</td>\n",
       "    </tr>\n",
       "    <tr>\n",
       "      <th>BTC-USD</th>\n",
       "      <td>0.259353</td>\n",
       "      <td>0.283042</td>\n",
       "      <td>0.212419</td>\n",
       "      <td>1.000000</td>\n",
       "      <td>0.174471</td>\n",
       "      <td>0.038243</td>\n",
       "      <td>0.543984</td>\n",
       "      <td>0.183563</td>\n",
       "      <td>0.805928</td>\n",
       "      <td>0.033727</td>\n",
       "      <td>0.259567</td>\n",
       "      <td>0.261899</td>\n",
       "      <td>0.214560</td>\n",
       "      <td>0.196487</td>\n",
       "      <td>0.308709</td>\n",
       "      <td>0.711168</td>\n",
       "      <td>0.305911</td>\n",
       "      <td>0.296525</td>\n",
       "      <td>0.099435</td>\n",
       "      <td>0.559366</td>\n",
       "      <td>0.281835</td>\n",
       "      <td>0.218862</td>\n",
       "      <td>0.157563</td>\n",
       "    </tr>\n",
       "    <tr>\n",
       "      <th>BYDDF</th>\n",
       "      <td>0.315071</td>\n",
       "      <td>0.301836</td>\n",
       "      <td>0.133645</td>\n",
       "      <td>0.174471</td>\n",
       "      <td>1.000000</td>\n",
       "      <td>0.103456</td>\n",
       "      <td>0.238050</td>\n",
       "      <td>0.232462</td>\n",
       "      <td>0.176568</td>\n",
       "      <td>0.036112</td>\n",
       "      <td>0.294139</td>\n",
       "      <td>0.314436</td>\n",
       "      <td>0.216976</td>\n",
       "      <td>0.232116</td>\n",
       "      <td>0.286138</td>\n",
       "      <td>0.270525</td>\n",
       "      <td>0.326078</td>\n",
       "      <td>0.317486</td>\n",
       "      <td>0.090415</td>\n",
       "      <td>0.166807</td>\n",
       "      <td>0.376516</td>\n",
       "      <td>0.246377</td>\n",
       "      <td>0.338033</td>\n",
       "    </tr>\n",
       "  </tbody>\n",
       "</table>\n",
       "</div>"
      ],
      "text/plain": [
       "             AAPL      AMZN     BRK-A   BTC-USD     BYDDF      CL=F      COIN  \\\n",
       "AAPL     1.000000  0.572740  0.446624  0.259353  0.315071  0.031077  0.410292   \n",
       "AMZN     0.572740  1.000000  0.365648  0.283042  0.301836  0.047624  0.481952   \n",
       "BRK-A    0.446624  0.365648  1.000000  0.212419  0.133645  0.169481  0.252094   \n",
       "BTC-USD  0.259353  0.283042  0.212419  1.000000  0.174471  0.038243  0.543984   \n",
       "BYDDF    0.315071  0.301836  0.133645  0.174471  1.000000  0.103456  0.238050   \n",
       "\n",
       "          CSPX.AS   ETH-USD      GC=F     GOOGL    IQQH.F        IT      META  \\\n",
       "AAPL     0.405282  0.263219  0.040651  0.625071  0.276372  0.405963  0.499454   \n",
       "AMZN     0.375946  0.279580  0.087768  0.647201  0.238061  0.390501  0.590318   \n",
       "BRK-A    0.396309  0.218244  0.075967  0.412983  0.188307  0.419242  0.322834   \n",
       "BTC-USD  0.183563  0.805928  0.033727  0.259567  0.261899  0.214560  0.196487   \n",
       "BYDDF    0.232462  0.176568  0.036112  0.294139  0.314436  0.216976  0.232116   \n",
       "\n",
       "             MSFT      MSTR      NVDA      PYPL      SI=F   SOL-USD      TSLA  \\\n",
       "AAPL     0.689307  0.366380  0.564145  0.466988  0.072921  0.260210  0.523235   \n",
       "AMZN     0.669336  0.410507  0.563954  0.510465  0.133989  0.261556  0.430226   \n",
       "BRK-A    0.399058  0.252259  0.288524  0.351153  0.129638  0.160287  0.227207   \n",
       "BTC-USD  0.308709  0.711168  0.305911  0.296525  0.099435  0.559366  0.281835   \n",
       "BYDDF    0.286138  0.270525  0.326078  0.317486  0.090415  0.166807  0.376516   \n",
       "\n",
       "               UA   VAPU.SW  \n",
       "AAPL     0.370938  0.252188  \n",
       "AMZN     0.385305  0.198276  \n",
       "BRK-A    0.378636  0.276624  \n",
       "BTC-USD  0.218862  0.157563  \n",
       "BYDDF    0.246377  0.338033  "
      ]
     },
     "execution_count": 3,
     "metadata": {},
     "output_type": "execute_result"
    }
   ],
   "source": [
    "corr_matrix = returns.corr(method='pearson')\n",
    "corr_matrix.head()"
   ]
  },
  {
   "cell_type": "markdown",
   "metadata": {},
   "source": [
    "# Visualization and analysis of the correlation matrix\n",
    "\n",
    "## Key observations\n",
    "\n",
    "- Almost all correlations are positive (negative ones are close to zero).\n",
    "- Highly correlating assets belong to the same industry or have similar purposes, e.g.:\n",
    "  - Microsoft, Apple, and Amazon\n",
    "  - Coinbase and MicroStrategy\n",
    "  - Bitcoin and Ethereum\n",
    "  - Gold and Silver\n",
    "- Commodities (gold, silver, and crude oil) do not correlate with the equity and crypto markets."
   ]
  },
  {
   "cell_type": "code",
   "execution_count": 4,
   "metadata": {},
   "outputs": [
    {
     "data": {
      "application/vnd.plotly.v1+json": {
       "config": {
        "plotlyServerURL": "https://plot.ly"
       },
       "data": [
        {
         "coloraxis": "coloraxis",
         "hovertemplate": "x: %{x}<br>y: %{y}<br>color: %{z}<extra></extra>",
         "name": "0",
         "type": "heatmap",
         "x": [
          "AAPL",
          "AMZN",
          "BRK-A",
          "BTC-USD",
          "BYDDF",
          "CL=F",
          "COIN",
          "CSPX.AS",
          "ETH-USD",
          "GC=F",
          "GOOGL",
          "IQQH.F",
          "IT",
          "META",
          "MSFT",
          "MSTR",
          "NVDA",
          "PYPL",
          "SI=F",
          "SOL-USD",
          "TSLA",
          "UA",
          "VAPU.SW"
         ],
         "xaxis": "x",
         "y": [
          "AAPL",
          "AMZN",
          "BRK-A",
          "BTC-USD",
          "BYDDF",
          "CL=F",
          "COIN",
          "CSPX.AS",
          "ETH-USD",
          "GC=F",
          "GOOGL",
          "IQQH.F",
          "IT",
          "META",
          "MSFT",
          "MSTR",
          "NVDA",
          "PYPL",
          "SI=F",
          "SOL-USD",
          "TSLA",
          "UA",
          "VAPU.SW"
         ],
         "yaxis": "y",
         "z": [
          [
           1,
           0.5727398112174256,
           0.4466239887791347,
           0.25935277270619506,
           0.3150714943853431,
           0.031076916495975725,
           0.4102922880787733,
           0.40528187766365265,
           0.26321879919788926,
           0.040651218029651104,
           0.6250714326084169,
           0.2763720237961155,
           0.40596299232291283,
           0.4994544990688156,
           0.6893070493141408,
           0.36637973831559933,
           0.5641451051954766,
           0.46698837994374515,
           0.07292050472322806,
           0.2602100185021716,
           0.5232347084778157,
           0.37093844850810487,
           0.2521877945602732
          ],
          [
           0.5727398112174256,
           1,
           0.3656480993784232,
           0.28304150382535714,
           0.30183558589302306,
           0.04762368967446906,
           0.4819522838562204,
           0.37594578019650726,
           0.2795798131086145,
           0.08776826212624132,
           0.6472012777874209,
           0.2380608106062857,
           0.39050133536451165,
           0.5903177855615962,
           0.6693356735717947,
           0.41050711527702066,
           0.5639537641996619,
           0.5104651821617948,
           0.1339887321229241,
           0.26155625833419993,
           0.43022628997530843,
           0.38530545534141813,
           0.19827560316970075
          ],
          [
           0.4466239887791347,
           0.3656480993784232,
           1,
           0.21241850018017158,
           0.1336454425309607,
           0.1694811528068437,
           0.2520939404937722,
           0.396309457029308,
           0.2182436058897163,
           0.07596674700238258,
           0.41298292791021707,
           0.18830731435787723,
           0.4192416566539664,
           0.3228336154627193,
           0.39905773684363305,
           0.2522592027101155,
           0.2885235699956343,
           0.35115261825210614,
           0.12963846179679256,
           0.16028659915674,
           0.2272068163165797,
           0.3786357630602596,
           0.2766237155950554
          ],
          [
           0.25935277270619506,
           0.28304150382535714,
           0.21241850018017158,
           1,
           0.17447130672942293,
           0.03824253317174756,
           0.5439840215132422,
           0.18356264653478643,
           0.8059276855663366,
           0.03372691731743985,
           0.2595667342835276,
           0.26189907720379835,
           0.21456019481912778,
           0.1964870775486576,
           0.30870885999017267,
           0.7111683601676395,
           0.30591054299245235,
           0.2965248482360897,
           0.0994348867690075,
           0.559365636277253,
           0.2818346265271449,
           0.21886179671845044,
           0.15756329222312926
          ],
          [
           0.3150714943853431,
           0.30183558589302306,
           0.1336454425309607,
           0.17447130672942293,
           1,
           0.10345635780634696,
           0.23805017101333617,
           0.23246232880812617,
           0.17656827022034707,
           0.036112456628448045,
           0.294139373144067,
           0.31443550756234745,
           0.21697595400708233,
           0.23211556211032883,
           0.2861384782029872,
           0.2705247356573235,
           0.3260780643761859,
           0.31748627640377747,
           0.09041539711658088,
           0.1668066646306797,
           0.3765164720471771,
           0.24637694924942133,
           0.3380334233660253
          ],
          [
           0.031076916495975725,
           0.04762368967446906,
           0.1694811528068437,
           0.03824253317174756,
           0.10345635780634696,
           1,
           0.03356408249435117,
           0.1398348457966992,
           0.05480731090324586,
           0.16701408174132404,
           0.062371839156055014,
           0.08602692798414407,
           0.06222942416025413,
           0.013583742221006813,
           0.03369924617012675,
           0.04416333599985158,
           0.04064625164226718,
           0.004662325184483349,
           0.2115614027970145,
           0.03266632284012672,
           0.02093941128542014,
           0.030212248229944453,
           0.21105795519500026
          ],
          [
           0.4102922880787733,
           0.4819522838562204,
           0.2520939404937722,
           0.5439840215132422,
           0.23805017101333617,
           0.03356408249435117,
           1,
           0.28336358198126854,
           0.5020415609170603,
           0.05136911293757719,
           0.41324888954409134,
           0.29883246614303255,
           0.285828239649149,
           0.38844331899551093,
           0.4133284535313681,
           0.7305032613294196,
           0.45706327299245003,
           0.4506829667804918,
           0.14259187170391022,
           0.403098022869171,
           0.4493754396748566,
           0.3763676538238017,
           0.2175399067006
          ],
          [
           0.40528187766365265,
           0.37594578019650726,
           0.396309457029308,
           0.18356264653478643,
           0.23246232880812617,
           0.1398348457966992,
           0.28336358198126854,
           1,
           0.2194495244821922,
           -0.048117543235280676,
           0.3833127436886001,
           0.41425528668959094,
           0.32194782688433204,
           0.3471958422873473,
           0.3919721426829021,
           0.24672259107689587,
           0.3997009638418196,
           0.32144134253688156,
           0.05064774231716308,
           0.1894762786676026,
           0.3212644240448778,
           0.3202902479281348,
           0.5014494447374919
          ],
          [
           0.26321879919788926,
           0.2795798131086145,
           0.2182436058897163,
           0.8059276855663366,
           0.17656827022034707,
           0.05480731090324586,
           0.5020415609170603,
           0.2194495244821922,
           1,
           0.06633780752315213,
           0.268870462584452,
           0.275254894727837,
           0.21590705300364968,
           0.200930465499386,
           0.3032321302997764,
           0.598987400219996,
           0.2959119792032126,
           0.2679937989946371,
           0.12950462286262251,
           0.5873270482279678,
           0.2672913671803035,
           0.22545512132175005,
           0.2226291966779258
          ],
          [
           0.040651218029651104,
           0.08776826212624132,
           0.07596674700238258,
           0.03372691731743985,
           0.036112456628448045,
           0.16701408174132404,
           0.05136911293757719,
           -0.048117543235280676,
           0.06633780752315213,
           1,
           0.06844621975383854,
           0.11967780619351281,
           0.04464708560675382,
           0.041229376820878884,
           0.06958165429774482,
           0.0748938040834673,
           0.03937000546521406,
           0.03707079670472313,
           0.7757302883116494,
           0.01500495269299117,
           0.0021219128502775525,
           -0.002581643053197507,
           0.14544862115370027
          ],
          [
           0.6250714326084169,
           0.6472012777874209,
           0.41298292791021707,
           0.2595667342835276,
           0.294139373144067,
           0.062371839156055014,
           0.41324888954409134,
           0.3833127436886001,
           0.268870462584452,
           0.06844621975383854,
           1,
           0.23931643143817743,
           0.4237927897703628,
           0.5994699821151268,
           0.7152396124868887,
           0.3377150327726714,
           0.5572056896957148,
           0.45415944163029076,
           0.11733923047692722,
           0.2528238309094823,
           0.3819645660716317,
           0.37383794677653226,
           0.22267275935915257
          ],
          [
           0.2763720237961155,
           0.2380608106062857,
           0.18830731435787723,
           0.26189907720379835,
           0.31443550756234745,
           0.08602692798414407,
           0.29883246614303255,
           0.41425528668959094,
           0.275254894727837,
           0.11967780619351281,
           0.23931643143817743,
           1,
           0.23733079055551234,
           0.18040256855015552,
           0.25819545932340426,
           0.3297398678844699,
           0.3120061998811684,
           0.3142088173768427,
           0.20140919045629402,
           0.17775413256406292,
           0.3785531017823059,
           0.2986953090980361,
           0.2718704451363084
          ],
          [
           0.40596299232291283,
           0.39050133536451165,
           0.4192416566539664,
           0.21456019481912778,
           0.21697595400708233,
           0.06222942416025413,
           0.285828239649149,
           0.32194782688433204,
           0.21590705300364968,
           0.04464708560675382,
           0.4237927897703628,
           0.23733079055551234,
           1,
           0.3534954811995964,
           0.49863049797846726,
           0.2975245877653071,
           0.43340209640087757,
           0.3734319724172117,
           0.09147313527987114,
           0.17783082382464133,
           0.2650887441655854,
           0.3969822705652036,
           0.18864012095374164
          ],
          [
           0.4994544990688156,
           0.5903177855615962,
           0.3228336154627193,
           0.1964870775486576,
           0.23211556211032883,
           0.013583742221006813,
           0.38844331899551093,
           0.3471958422873473,
           0.200930465499386,
           0.041229376820878884,
           0.5994699821151268,
           0.18040256855015552,
           0.3534954811995964,
           1,
           0.58051681180997,
           0.297093978628002,
           0.4959713544852298,
           0.48882370734103636,
           0.0739193541573109,
           0.173170666183187,
           0.3174128471356959,
           0.31556564082142347,
           0.20792933195267146
          ],
          [
           0.6893070493141408,
           0.6693356735717947,
           0.39905773684363305,
           0.30870885999017267,
           0.2861384782029872,
           0.03369924617012675,
           0.4133284535313681,
           0.3919721426829021,
           0.3032321302997764,
           0.06958165429774482,
           0.7152396124868887,
           0.25819545932340426,
           0.49863049797846726,
           0.58051681180997,
           1,
           0.3880859761015578,
           0.6400233973064511,
           0.45051700061065786,
           0.13799525483466682,
           0.26694172914263414,
           0.4220102059227986,
           0.36556174211038694,
           0.19483793682488368
          ],
          [
           0.36637973831559933,
           0.41050711527702066,
           0.2522592027101155,
           0.7111683601676395,
           0.2705247356573235,
           0.04416333599985158,
           0.7305032613294196,
           0.24672259107689587,
           0.598987400219996,
           0.0748938040834673,
           0.3377150327726714,
           0.3297398678844699,
           0.2975245877653071,
           0.297093978628002,
           0.3880859761015578,
           1,
           0.4218441878014541,
           0.389951339511916,
           0.16043754306159527,
           0.4492343477019536,
           0.4047540377458022,
           0.3132335601149385,
           0.17417616349695733
          ],
          [
           0.5641451051954766,
           0.5639537641996619,
           0.2885235699956343,
           0.30591054299245235,
           0.3260780643761859,
           0.04064625164226718,
           0.45706327299245003,
           0.3997009638418196,
           0.2959119792032126,
           0.03937000546521406,
           0.5572056896957148,
           0.3120061998811684,
           0.43340209640087757,
           0.4959713544852298,
           0.6400233973064511,
           0.4218441878014541,
           1,
           0.4387275505292295,
           0.10381697309827455,
           0.25964698351133864,
           0.47858310304496937,
           0.356207267564283,
           0.256813940437896
          ],
          [
           0.46698837994374515,
           0.5104651821617948,
           0.35115261825210614,
           0.2965248482360897,
           0.31748627640377747,
           0.004662325184483349,
           0.4506829667804918,
           0.32144134253688156,
           0.2679937989946371,
           0.03707079670472313,
           0.45415944163029076,
           0.3142088173768427,
           0.3734319724172117,
           0.48882370734103636,
           0.45051700061065786,
           0.389951339511916,
           0.4387275505292295,
           1,
           0.0885078244566793,
           0.2572954915945304,
           0.4304204398948644,
           0.40592464768270803,
           0.24417611713811424
          ],
          [
           0.07292050472322806,
           0.1339887321229241,
           0.12963846179679256,
           0.0994348867690075,
           0.09041539711658088,
           0.2115614027970145,
           0.14259187170391022,
           0.05064774231716308,
           0.12950462286262251,
           0.7757302883116494,
           0.11733923047692722,
           0.20140919045629402,
           0.09147313527987114,
           0.0739193541573109,
           0.13799525483466682,
           0.16043754306159527,
           0.10381697309827455,
           0.0885078244566793,
           1,
           0.07593993494563024,
           0.0673063947117526,
           0.06688016917710599,
           0.20364163485462528
          ],
          [
           0.2602100185021716,
           0.26155625833419993,
           0.16028659915674,
           0.559365636277253,
           0.1668066646306797,
           0.03266632284012672,
           0.403098022869171,
           0.1894762786676026,
           0.5873270482279678,
           0.01500495269299117,
           0.2528238309094823,
           0.17775413256406292,
           0.17783082382464133,
           0.173170666183187,
           0.26694172914263414,
           0.4492343477019536,
           0.25964698351133864,
           0.2572954915945304,
           0.07593993494563024,
           1,
           0.25288363340601955,
           0.2047826691133429,
           0.18037956374887842
          ],
          [
           0.5232347084778157,
           0.43022628997530843,
           0.2272068163165797,
           0.2818346265271449,
           0.3765164720471771,
           0.02093941128542014,
           0.4493754396748566,
           0.3212644240448778,
           0.2672913671803035,
           0.0021219128502775525,
           0.3819645660716317,
           0.3785531017823059,
           0.2650887441655854,
           0.3174128471356959,
           0.4220102059227986,
           0.4047540377458022,
           0.47858310304496937,
           0.4304204398948644,
           0.0673063947117526,
           0.25288363340601955,
           1,
           0.2872163740592768,
           0.2268724243113656
          ],
          [
           0.37093844850810487,
           0.38530545534141813,
           0.3786357630602596,
           0.21886179671845044,
           0.24637694924942133,
           0.030212248229944453,
           0.3763676538238017,
           0.3202902479281348,
           0.22545512132175005,
           -0.002581643053197507,
           0.37383794677653226,
           0.2986953090980361,
           0.3969822705652036,
           0.31556564082142347,
           0.36556174211038694,
           0.3132335601149385,
           0.356207267564283,
           0.40592464768270803,
           0.06688016917710599,
           0.2047826691133429,
           0.2872163740592768,
           1,
           0.2366392189945904
          ],
          [
           0.2521877945602732,
           0.19827560316970075,
           0.2766237155950554,
           0.15756329222312926,
           0.3380334233660253,
           0.21105795519500026,
           0.2175399067006,
           0.5014494447374919,
           0.2226291966779258,
           0.14544862115370027,
           0.22267275935915257,
           0.2718704451363084,
           0.18864012095374164,
           0.20792933195267146,
           0.19483793682488368,
           0.17417616349695733,
           0.256813940437896,
           0.24417611713811424,
           0.20364163485462528,
           0.18037956374887842,
           0.2268724243113656,
           0.2366392189945904,
           1
          ]
         ]
        }
       ],
       "layout": {
        "coloraxis": {
         "cmax": 1,
         "cmin": -1,
         "colorscale": [
          [
           0,
           "rgb(103,0,31)"
          ],
          [
           0.1,
           "rgb(178,24,43)"
          ],
          [
           0.2,
           "rgb(214,96,77)"
          ],
          [
           0.3,
           "rgb(244,165,130)"
          ],
          [
           0.4,
           "rgb(253,219,199)"
          ],
          [
           0.5,
           "rgb(247,247,247)"
          ],
          [
           0.6,
           "rgb(209,229,240)"
          ],
          [
           0.7,
           "rgb(146,197,222)"
          ],
          [
           0.8,
           "rgb(67,147,195)"
          ],
          [
           0.9,
           "rgb(33,102,172)"
          ],
          [
           1,
           "rgb(5,48,97)"
          ]
         ]
        },
        "height": 700,
        "template": {
         "data": {
          "bar": [
           {
            "error_x": {
             "color": "#2a3f5f"
            },
            "error_y": {
             "color": "#2a3f5f"
            },
            "marker": {
             "line": {
              "color": "#E5ECF6",
              "width": 0.5
             },
             "pattern": {
              "fillmode": "overlay",
              "size": 10,
              "solidity": 0.2
             }
            },
            "type": "bar"
           }
          ],
          "barpolar": [
           {
            "marker": {
             "line": {
              "color": "#E5ECF6",
              "width": 0.5
             },
             "pattern": {
              "fillmode": "overlay",
              "size": 10,
              "solidity": 0.2
             }
            },
            "type": "barpolar"
           }
          ],
          "carpet": [
           {
            "aaxis": {
             "endlinecolor": "#2a3f5f",
             "gridcolor": "white",
             "linecolor": "white",
             "minorgridcolor": "white",
             "startlinecolor": "#2a3f5f"
            },
            "baxis": {
             "endlinecolor": "#2a3f5f",
             "gridcolor": "white",
             "linecolor": "white",
             "minorgridcolor": "white",
             "startlinecolor": "#2a3f5f"
            },
            "type": "carpet"
           }
          ],
          "choropleth": [
           {
            "colorbar": {
             "outlinewidth": 0,
             "ticks": ""
            },
            "type": "choropleth"
           }
          ],
          "contour": [
           {
            "colorbar": {
             "outlinewidth": 0,
             "ticks": ""
            },
            "colorscale": [
             [
              0,
              "#0d0887"
             ],
             [
              0.1111111111111111,
              "#46039f"
             ],
             [
              0.2222222222222222,
              "#7201a8"
             ],
             [
              0.3333333333333333,
              "#9c179e"
             ],
             [
              0.4444444444444444,
              "#bd3786"
             ],
